-2.2751 6.0941 0.4724 3.0000
-2.0366 7.0262 0.9363 3.0000
1.4917 3.6653 2.4741 0.0000
-1.6755 8.1138 8.7009 2.0000
-2.6524 5.7845 0.7021 3.0000
0.9016 -0.9826 2.9574 1.0000
0.4356 8.7365 -8.4706 4.0000
-1.7516 6.1299 0.0552 3.0000
1.5172 -2.4193 2.5198 1.0000
-0.7777 7.3212 9.3060 2.0000
1.4801 7.6727 -8.9601 4.0000
-2.1378 6.2899 0.8946 3.0000
-0.5041 7.9979 8.6792 2.0000
1.3007 -1.2674 2.8542 1.0000
0.6408 8.3993 -8.8871 4.0000
1.3757 7.4851 -8.5512 4.0000
-1.3002 5.7860 1.5281 3.0000
1.4028 9.3503 -7.4900 4.0000
0.0289 -1.4690 3.1007 1.0000
1.7481 8.9816 -8.3578 4.0000
-1.0855 8.0280 9.4453 2.0000
1.1390 8.3503 -8.4816 4.0000
1.4209 8.5342 -8.5558 4.0000
0.4075 3.4228 1.9110 0.0000
0.6678 -2.0714 3.4099 1.0000
1.3346 9.4318 -9.0848 4.0000
-1.9190 5.6847 0.0904 3.0000
1.4733 -1.9131 2.2711 1.0000
-2.0581 7.0227 9.0160 2.0000
1.4741 3.3372 2.1795 0.0000
0.4063 -1.9290 2.3188 1.0000
1.5551 8.5297 -8.9663 4.0000
0.9158 -1.9341 3.2666 1.0000
-1.4380 7.2616 9.3146 2.0000
0.3366 9.0585 -8.5513 4.0000
-1.4195 8.0197 9.2245 2.0000
1.1515 8.8676 -8.7526 4.0000
1.2469 8.5682 -8.3947 4.0000
0.5615 4.5502 2.1003 0.0000
0.6219 -0.9231 2.3420 1.0000
-1.6738 5.9756 0.1579 3.0000
-1.5446 7.6394 9.2555 2.0000
0.5468 4.2006 2.2995 0.0000
1.9125 4.1833 2.0819 0.0000
1.1320 3.9158 1.9016 0.0000
0.5571 4.4944 1.5598 0.0000
-1.4031 7.8069 8.8044 2.0000
-0.6071 7.6636 8.6946 2.0000
-2.7345 6.8426 0.4268 3.0000
0.4478 7.8664 -7.8530 4.0000
1.5209 4.1117 2.3714 0.0000
-2.6466 5.1244 1.8783 3.0000
-0.0553 -1.3859 1.7741 1.0000
1.0176 3.6583 1.7247 0.0000
1.4541 7.5895 -8.5757 4.0000
-3.0900 5.8782 1.0500 3.0000
-0.6819 8.0850 9.7033 2.0000
-0.9965 7.8389 9.1226 2.0000
1.7519 8.1260 -8.4907 4.0000
1.8824 3.1567 2.3809 0.0000
1.8894 9.0212 -8.1198 4.0000
-2.2048 5.8575 0.1428 3.0000
-2.0358 5.7300 0.1275 3.0000
0.4772 -1.7746 2.8494 1.0000
-2.9823 5.9719 1.4955 3.0000
-2.6111 5.7013 0.4183 3.0000
1.0329 8.6768 -9.5473 4.0000
0.2654 -1.0984 2.6709 1.0000
0.7566 -2.0147 2.9670 1.0000
-0.4828 7.8188 9.2373 2.0000
-0.8532 7.8908 9.8122 2.0000
-1.8894 5.5001 1.0323 3.0000
-1.5357 7.8251 8.6988 2.0000
-2.2218 6.1170 -0.0904 3.0000
1.3862 4.7575 1.7624 0.0000
-2.5020 6.5443 0.1232 3.0000
-2.4802 5.8958 0.0018 3.0000
-1.5539 6.0417 0.2350 3.0000
1.5330 8.4359 -8.6160 4.0000
-2.8320 5.1509 0.7400 3.0000
-1.1672 8.1474 9.6985 2.0000
-1.9393 6.1656 1.0539 3.0000
0.8718 -1.2434 3.4518 1.0000
-2.3264 6.0433 0.3092 3.0000
1.2795 4.3047 1.5602 0.0000
-2.4784 5.0812 0.3442 3.0000
0.4956 8.4460 -8.6627 4.0000
1.0079 -1.7645 3.0372 1.0000
1.4841 8.6271 -7.9890 4.0000
-2.9106 5.8603 0.4407 3.0000
-1.7325 8.4521 8.8292 2.0000
0.4271 -1.5910 3.5541 1.0000
1.2674 8.5505 -7.1235 4.0000
-1.2643 7.8116 9.1346 2.0000
-1.5299 8.2821 9.0532 2.0000
0.4601 4.5054 1.7132 0.0000
-2.3284 5.8749 0.5092 3.0000
-1.5351 6.1160 0.6234 3.0000
-1.5748 8.0503 9.1866 2.0000
1.0939 8.7680 -8.2764 4.0000
-1.2696 7.7979 9.1915 2.0000
-2.7511 5.4443 0.4853 3.0000
0.4110 3.9151 2.6132 0.0000
-1.4038 6.5310 9.5289 2.0000
-2.2596 5.5817 -0.0662 3.0000
1.0727 4.0934 2.9254 0.0000
0.7401 3.5471 2.6091 0.0000
-1.2760 6.1248 0.2104 3.0000
0.2312 3.7687 1.9507 0.0000
-3.0353 5.8827 0.5543 3.0000
-1.2480 7.9161 8.5742 2.0000
1.7689 8.0509 -8.5149 4.0000
2.1600 8.7587 -8.4386 4.0000
1.3034 8.6364 -8.6892 4.0000
0.8607 -1.7737 4.4686 1.0000
-2.0171 6.3573 0.6604 3.0000
1.6296 8.7546 -8.5224 4.0000
0.9249 -1.5790 2.7421 1.0000
-1.7008 7.6732 9.4149 2.0000
1.2380 3.9541 2.5121 0.0000
0.6834 4.4532 2.1664 0.0000
-1.8328 5.5596 -0.2970 3.0000
0.7940 -0.9679 3.4500 1.0000
-2.9241 5.5676 0.7161 3.0000
0.2565 -1.3920 3.3572 1.0000
1.0358 7.8913 -7.5826 4.0000
1.2595 4.3784 1.5161 0.0000
-2.9692 6.1518 0.9949 3.0000
1.7390 3.5810 2.2438 0.0000
0.4360 -1.1975 3.5609 1.0000
-1.4880 7.4147 9.2061 2.0000
1.6792 8.0222 -8.6051 4.0000
0.5439 -2.6015 2.9810 1.0000
1.1378 8.7031 -8.2298 4.0000
0.2208 -1.8867 2.8586 1.0000
-1.5424 7.1353 10.8019 2.0000
0.8312 8.2381 -8.2740 4.0000
-2.3981 5.5466 0.7712 3.0000
1.4370 -1.7863 2.7771 1.0000
-2.3348 5.1301 0.6652 3.0000
-1.7686 6.3448 0.1934 3.0000
0.1312 -0.7538 2.9802 1.0000
1.1803 3.3334 2.7777 0.0000
-2.1958 5.7123 0.8027 3.0000
1.3527 7.5258 -8.9585 4.0000
-1.5314 7.6972 8.2022 2.0000
-2.5379 6.6047 1.5351 3.0000
1.5003 4.4288 2.0787 0.0000
1.1676 -2.6525 2.7461 1.0000
0.9629 8.0178 -8.5105 4.0000
0.4484 -0.5616 3.0172 1.0000
0.3778 -1.3813 2.9150 1.0000
0.8557 8.3959 -8.2598 4.0000
-2.8041 5.6788 0.3192 3.0000
0.9435 -1.5056 3.6000 1.0000
-1.9216 7.2356 8.7052 2.0000
0.3776 -0.9002 2.7168 1.0000
-1.4872 8.1473 8.0385 2.0000
0.8909 8.2966 -8.2289 4.0000
1.0657 8.6616 -8.9238 4.0000
1.4320 8.4927 -8.9981 4.0000
1.5914 8.9205 -8.3047 4.0000
-0.9374 6.9950 9.6039 2.0000
1.0000 5.0352 2.8228 0.0000
-1.2593 7.6024 9.5452 2.0000
1.8036 7.6916 -8.1538 4.0000
1.2215 8.0615 -7.5285 4.0000
1.0611 8.2881 -8.0133 4.0000
0.9050 -2.3301 2.9989 1.0000
-0.9360 8.4304 8.9318 2.0000
0.3862 4.4026 2.2622 0.0000
1.2509 8.6560 -8.2962 4.0000
-1.6452 5.6864 0.4689 3.0000
0.4936 -1.8864 2.6311 1.0000
-2.4728 5.7996 0.8196 3.0000
-1.2745 8.1128 9.1838 2.0000
-2.3537 5.7255 0.7766 3.0000
1.2323 8.5945 -8.3258 4.0000
-1.1486 7.7655 9.2167 2.0000
-2.1740 5.8527 0.8456 3.0000
0.4283 -2.1332 3.7547 1.0000
2.2035 9.3408 -8.3837 4.0000
0.6727 8.8452 -8.9030 4.0000
1.4788 8.7039 -7.9730 4.0000
1.1652 -1.1116 3.4397 1.0000
1.0015 3.6137 1.9244 0.0000
1.0910 -1.5295 2.4528 1.0000
-2.0328 6.2149 1.0611 3.0000
0.9880 8.2633 -8.2618 4.0000
-3.1320 5.4631 0.9004 3.0000
-1.0472 7.8945 9.2910 2.0000
-1.6849 7.7945 9.8592 2.0000
-2.4027 5.9656 0.6282 3.0000
1.3221 4.4807 2.5791 0.0000
1.1005 -1.3771 3.2635 1.0000
-2.1013 5.6854 -0.6345 3.0000
1.6460 3.4201 2.2675 0.0000
1.5832 -1.3899 3.1198 1.0000
-1.6827 6.4865 0.2631 3.0000
1.3914 -1.8862 3.8869 1.0000
0.9928 8.6522 -8.4486 4.0000
1.5749 5.2455 2.4124 0.0000
1.8695 8.6937 -8.3713 4.0000
0.7995 3.9334 1.7178 0.0000
1.3166 3.5220 1.7719 0.0000
0.9606 4.2341 1.9599 0.0000
0.4827 7.9435 -8.1280 4.0000
0.0925 -0.8116 2.0552 1.0000
2.1182 8.0811 -9.0717 4.0000
-2.3116 5.5626 0.6309 3.0000
1.8890 9.6466 -9.0957 4.0000
-2.3942 5.7102 0.7590 3.0000
0.7180 8.6671 -9.0250 4.0000
1.6740 5.1975 1.7705 0.0000
-1.1974 8.1155 9.1129 2.0000
-2.6171 6.0773 -0.0375 3.0000
1.6890 4.4181 1.9264 0.0000
1.8854 -2.1154 3.5609 1.0000
0.9749 8.7744 -8.1136 4.0000
1.6009 8.1375 -9.1030 4.0000
-1.0430 7.2510 8.3161 2.0000
-1.6269 7.9172 8.8034 2.0000
1.1748 8.0160 -8.6027 4.0000
-2.3797 5.9312 0.8663 3.0000
1.4708 8.1844 -8.9752 4.0000
-1.5963 7.6293 8.3681 2.0000
1.1939 4.2809 2.0802 0.0000
0.1104 -1.7747 2.8591 1.0000
1.1071 3.8464 2.4844 0.0000
0.8282 3.1946 1.9635 0.0000
1.7692 -1.6878 3.3327 1.0000
-1.3864 7.8631 9.7963 2.0000
-2.3988 9.1614 9.3353 2.0000
-2.2268 7.6095 9.1789 2.0000
-1.2139 8.4182 9.1490 2.0000
1.0642 -1.8514 2.1464 1.0000
1.0773 -1.0859 3.0204 1.0000
-1.2282 8.0897 9.3909 2.0000
1.4700 -0.6877 3.1571 1.0000
-2.5308 6.1722 0.7547 3.0000
0.8598 8.4817 -9.1659 4.0000
-2.3910 7.0960 8.5967 2.0000
2.4381 8.1723 -8.3055 4.0000
-0.5790 8.0084 9.5566 2.0000
1.0331 9.0319 -8.5050 4.0000
-0.0191 4.3487 2.1127 0.0000
1.4710 8.6959 -9.4490 4.0000
0.7014 4.5644 2.1094 0.0000
0.5085 4.4475 2.2355 0.0000
0.4139 -0.9928 3.5244 1.0000
-2.1282 7.2075 9.7729 2.0000
-1.5617 8.6587 9.2166 2.0000
0.9893 7.6093 -8.6143 4.0000
1.5281 8.7976 -8.5977 4.0000
0.1490 3.9839 1.8156 0.0000
1.3336 -2.0199 2.9646 1.0000
0.5172 -1.5696 2.5229 1.0000
1.5725 8.4687 -9.2773 4.0000
1.6814 4.1166 2.1929 0.0000
-2.0357 5.9377 0.6945 3.0000
1.7303 8.7327 -8.2220 4.0000
-1.2232 7.8527 8.8081 2.0000
1.6074 3.3010 1.8893 0.0000
1.7383 8.3019 -9.4713 4.0000
-1.8029 8.0065 8.9848 2.0000
-3.3408 6.0809 0.8314 3.0000
-2.7946 5.3964 1.5085 3.0000
0.0706 3.9882 1.5912 0.0000
-2.4028 5.2214 0.0022 3.0000
-2.2041 4.7460 0.7614 3.0000
-1.7932 6.1363 0.7619 3.0000
-1.4956 5.3330 1.2791 3.0000
-2.5812 6.4359 -0.0512 3.0000
0.7424 7.9533 -8.7175 4.0000
-0.0863 -1.4965 3.1422 1.0000
-2.4300 6.0055 0.4542 3.0000
-2.2402 5.1653 0.3194 3.0000
-2.1750 5.8564 0.4469 3.0000
1.0842 -1.7199 2.3026 1.0000
0.9087 7.8377 -8.2067 4.0000
1.0640 4.0725 1.5124 0.0000
1.9081 4.9495 2.7056 0.0000
-2.8343 5.7284 -0.0307 3.0000
1.4354 4.2244 1.5732 0.0000
-2.2427 7.6996 9.3457 2.0000
-2.3618 4.8881 0.3222 3.0000
1.7281 9.1994 -8.2111 4.0000
1.2997 4.1216 1.7159 0.0000
0.8866 3.9574 2.6242 0.0000
-1.2510 7.1857 10.1152 2.0000
-1.4843 7.7428 9.3710 2.0000
1.1926 -2.2664 2.2064 1.0000
1.6396 8.7270 -9.8866 4.0000
0.7074 3.5258 2.0280 0.0000
1.5660 8.6494 -8.6302 4.0000
-0.9701 7.1044 9.1911 2.0000
0.8742 8.8861 -8.6274 4.0000
1.2519 8.7359 -8.2952 4.0000
-2.1169 7.9129 9.1202 2.0000
-3.0228 5.6908 -0.3587 3.0000
1.5743 8.7302 -8.4893 4.0000
1.0644 3.8336 2.5201 0.0000
-1.3657 8.2957 9.7419 2.0000
0.9698 4.1277 2.4650 0.0000
-2.6838 4.7389 0.6242 3.0000
-1.0919 8.6177 9.6825 2.0000
0.3663 -1.9701 3.8786 1.0000
-0.8038 8.6832 9.2664 2.0000
0.3181 -1.7452 3.4225 1.0000
1.6183 9.3323 -8.9187 4.0000
1.0234 3.5608 1.1050 0.0000
-2.3173 8.0359 9.6267 2.0000
1.5726 9.1008 -7.6549 4.0000
-2.4835 5.5429 0.3881 3.0000
-2.0908 5.8407 1.1850 3.0000
0.4508 -1.8670 3.0150 1.0000
-2.2341 8.3318 9.8791 2.0000
0.3201 -1.4675 3.4340 1.0000
-1.5847 5.4557 1.1166 3.0000
0.7643 2.5464 1.3837 0.0000
0.6499 8.0404 -8.0042 4.0000
1.1724 4.4246 2.1072 0.0000
-0.9107 8.2924 10.1620 2.0000
1.7274 -2.0120 3.5640 1.0000
0.9616 9.0007 -8.1328 4.0000
1.1577 7.8674 -7.8880 4.0000
1.8405 9.0494 -9.0623 4.0000
-1.8160 5.5830 0.4499 3.0000
1.4852 4.4746 1.4298 0.0000
0.1506 -1.2925 3.0290 1.0000
1.7216 4.4015 1.8195 0.0000
1.4071 7.4263 -7.8850 4.0000
-0.9199 7.4349 8.8595 2.0000
1.4470 8.7513 -7.9965 4.0000
1.1569 8.8130 -8.0664 4.0000
-1.0825 7.4042 9.4097 2.0000
1.4475 -1.8408 2.8532 1.0000
-1.6472 8.6188 9.8330 2.0000
-0.8520 7.7187 9.7031 2.0000
-1.8006 7.4736 10.1370 2.0000
-0.8683 7.6940 8.9453 2.0000
1.1255 8.1600 -8.7334 4.0000
-1.5404 7.5705 10.0171 2.0000
-1.5208 8.1397 8.8399 2.0000
0.8552 5.0610 1.8887 0.0000
0.8248 -1.6365 3.7991 1.0000
-2.0845 8.1197 9.0883 2.0000
1.0009 -1.9794 3.2451 1.0000
0.5376 3.4932 1.7644 0.0000
0.8037 -1.4824 2.1152 1.0000
-3.2300 5.2660 1.0971 3.0000
1.0049 9.0261 -7.5016 4.0000
-1.5527 7.3344 9.0178 2.0000
-1.0651 8.1987 9.2822 2.0000
1.2544 -1.8909 3.3376 1.0000
-1.3500 8.0338 9.7958 2.0000
1.2117 8.5047 -9.0358 4.0000
-0.7931 8.1080 9.6682 2.0000
1.0618 3.4410 2.1356 0.0000
0.8413 -2.0310 2.8914 1.0000
0.4844 -1.1348 2.8202 1.0000
1.5916 8.5742 -8.7188 4.0000
1.0462 8.6817 -7.7182 4.0000
-1.9874 7.4322 9.6599 2.0000
-2.4741 5.3712 0.3244 3.0000
0.4962 -1.0158 3.6718 1.0000
2.5893 8.5249 -8.6388 4.0000
1.8001 8.6445 -8.7791 4.0000
-2.3001 5.7874 1.0366 3.0000
-2.3738 6.9926 9.6711 2.0000
0.9410 4.6059 2.2913 0.0000
0.7953 -1.5501 2.5689 1.0000
1.2184 4.5934 1.9645 0.0000
-2.8591 5.8983 -0.9029 3.0000
2.1184 5.0858 2.3608 0.0000
-0.7370 7.0959 10.2238 2.0000
-1.4251 5.7063 0.6569 3.0000
-1.6688 6.1880 0.4533 3.0000
1.8665 8.9345 -8.2019 4.0000
1.4015 8.2264 -8.6114 4.0000
-2.6616 5.9872 -0.1870 3.0000
1.6544 -2.5773 3.4209 1.0000
-1.8228 7.5850 9.2806 2.0000
-0.7973 8.2516 9.0624 2.0000
-3.0207 5.0854 1.5323 3.0000
1.6483 7.9601 -8.4312 4.0000
2.5206 8.2912 -9.7267 4.0000
-1.2537 7.6717 9.6392 2.0000
-0.0815 -1.7859 3.2078 1.0000
-1.9943 6.6686 -0.8803 3.0000
0.6164 8.2242 -8.4412 4.0000
2.1235 7.8606 -8.3306 4.0000
-0.2431 -1.9213 3.5115 1.0000
-2.5903 5.0396 0.6618 3.0000
1.4905 8.3889 -8.9568 4.0000
-3.2700 6.1241 1.3081 3.0000
1.4480 8.4208 -8.8143 4.0000
-0.7080 6.3891 8.8926 2.0000
1.1200 -1.9503 3.3645 1.0000
-1.3659 6.5814 0.5834 3.0000
-0.6625 7.8722 9.1541 2.0000
-2.0825 5.5820 0.7709 3.0000
0.4959 4.4923 2.0720 0.0000
1.2362 -1.3149 2.6750 1.0000
-1.7568 7.2908 9.6486 2.0000
1.2373 4.9024 1.8640 0.0000
-2.1153 5.4700 0.6354 3.0000
1.2065 9.3225 -8.3475 4.0000
-2.4706 5.3359 0.0543 3.0000
-2.2893 7.0091 9.6149 2.0000
0.7930 4.8636 1.8263 0.0000
-2.2514 4.9772 0.6872 3.0000
0.3711 -1.8466 2.8436 1.0000
-1.3230 7.6838 8.5934 2.0000
-1.5240 7.4594 8.7426 2.0000
0.3528 9.3323 -8.5877 4.0000
-0.4922 8.4880 9.2567 2.0000
-2.0481 6.2238 0.5724 3.0000
1.2328 7.8942 -8.8382 4.0000
1.2810 -1.4181 3.9601 1.0000
-1.4438 7.6413 9.7983 2.0000
0.7058 -1.3811 2.9543 1.0000
1.0335 -1.2173 2.8886 1.0000
1.7067 8.6966 -8.5728 4.0000
1.4006 8.8801 -9.3066 4.0000
0.3634 -0.6992 3.3438 1.0000
-2.8186 6.1841 1.0860 3.0000
1.3504 -1.0175 2.8604 1.0000
1.0799 4.8536 2.5252 0.0000
0.5519 9.0918 -8.7632 4.0000
-1.2627 6.9767 8.6968 2.0000
0.7948 4.4358 1.7404 0.0000
1.4717 8.6799 -8.3365 4.0000
1.8292 8.8451 -8.6753 4.0000
0.4775 3.9038 2.1588 0.0000
0.3731 8.4245 -9.5381 4.0000
1.3270 -2.1043 3.3888 1.0000
-2.8563 6.2609 0.1610 3.0000
1.1778 -1.1493 2.3874 1.0000
-2.8212 5.9706 1.1526 3.0000
1.4450 4.1765 2.5421 0.0000
0.0392 -2.2578 2.6323 1.0000
0.9753 -1.8429 2.0095 1.0000
-0.2607 8.3884 9.8299 2.0000
-2.3033 5.9293 -0.6497 3.0000
1.7139 9.2548 -8.5709 4.0000
2.1630 7.4773 -9.4713 4.0000
1.6343 8.8651 -8.9904 4.0000
0.7136 8.2093 -8.5641 4.0000
-0.3731 8.4287 9.0382 2.0000
0.6399 4.3704 2.2687 0.0000
-1.8825 7.4481 8.9719 2.0000
-1.9882 5.0246 0.1516 3.0000
0.1974 -1.6191 2.2223 1.0000
0.9099 4.6137 2.9509 0.0000
-1.5808 5.8108 0.2049 3.0000
-1.7614 6.5205 0.3998 3.0000
1.1283 -2.3542 2.2252 1.0000
1.5033 -2.6116 2.7504 1.0000
-2.1647 5.5866 0.6250 3.0000
0.8637 -0.9386 2.1604 1.0000
1.5259 -1.3785 3.1172 1.0000
-2.0541 6.1614 -0.0091 3.0000
1.2006 3.8076 1.9423 0.0000
-2.0743 6.0583 1.0974 3.0000
-2.1402 4.9341 0.8093 3.0000
-2.6183 4.7730 1.1403 3.0000
1.2883 8.8053 -9.0432 4.0000
0.7942 4.9758 1.6462 0.0000
-1.2116 8.2103 9.3163 2.0000
1.5116 7.9793 -8.2906 4.0000
1.2786 3.4323 2.8174 0.0000
-0.6476 7.7937 8.7304 2.0000
1.4389 3.8514 2.9771 0.0000
1.0508 8.5901 -8.8787 4.0000
0.3791 -2.4295 2.3668 1.0000
1.1729 7.9043 -8.3044 4.0000
0.8758 -1.0205 2.0467 1.0000
-1.8336 6.2497 1.3308 3.0000
0.0745 9.2091 -8.6913 4.0000
1.0476 8.0662 -8.7621 4.0000
0.6622 -2.0434 2.8023 1.0000
1.0171 8.9495 -8.8880 4.0000
-1.8484 6.7895 1.6410 3.0000
-2.0598 6.0023 0.5981 3.0000
-1.0703 8.1229 9.2907 2.0000
1.1718 8.2950 -7.5656 4.0000
-1.6194 8.3847 8.6258 2.0000
-0.9288 8.3662 8.8865 2.0000
0.8917 3.9218 1.8062 0.0000
-0.7734 7.8258 9.3432 2.0000
1.8107 8.2415 -8.6795 4.0000
1.2961 4.1109 1.6674 0.0000
-0.6272 7.1012 9.6958 2.0000
-2.1831 5.8925 0.7122 3.0000
-3.0866 5.2175 1.2709 3.0000
1.1890 4.2898 2.7933 0.0000
0.8884 -1.4769 3.1319 1.0000
-2.5637 5.8943 0.8393 3.0000
-2.7791 6.4355 0.4557 3.0000
