0.8810 1.1308 0.1897 1.0000
-1.6869 1.5290 2.0555 0.0000
0.4030 -0.4209 -1.9387 2.0000
0.2816 -0.3665 -1.3815 2.0000
-1.3157 2.4733 0.4570 0.0000
2.4949 -1.4444 -1.2476 2.0000
-3.3810 2.7419 0.4604 0.0000
0.6586 0.1744 3.0717 0.0000
-0.4749 0.8363 -0.3952 1.0000
0.4864 2.8916 -1.4432 0.0000
-1.6445 -0.1426 -0.8763 1.0000
-1.5288 1.0061 2.3108 0.0000
-0.7663 -1.0552 3.4123 3.0000
-2.5354 2.2000 0.9977 0.0000
-1.1799 0.7427 -1.0939 1.0000
0.5382 0.9680 1.2680 3.0000
-0.7652 1.0236 -0.6443 1.0000
0.9677 -0.7332 -1.2118 2.0000
2.6654 -1.5585 -1.3432 2.0000
1.6942 -1.1799 -0.7930 2.0000
-3.0758 3.2681 2.4590 0.0000
-0.0528 -1.6335 1.0803 2.0000
0.3575 -0.4642 -0.6310 2.0000
1.1479 1.1364 0.8668 3.0000
-2.1278 1.0488 1.8865 0.0000
0.1358 -1.5192 0.2584 2.0000
-0.9883 0.9671 -0.9312 0.0000
0.9279 0.3105 1.8401 3.0000
-1.5566 3.4144 1.1451 0.0000
-0.1085 0.1661 1.4707 3.0000
0.7449 1.1778 -0.3377 0.0000
-2.0568 2.1737 1.4213 2.0000
-2.5878 2.8210 0.7412 0.0000
2.0055 1.6838 0.5370 3.0000
0.8203 0.4235 1.2316 3.0000
-1.3102 2.4633 0.3181 0.0000
0.1463 1.3572 0.8678 3.0000
1.4087 0.4677 1.6090 3.0000
-2.9178 2.2499 -2.8630 1.0000
0.2167 1.1957 0.8123 3.0000
1.4615 2.2989 -0.0162 3.0000
1.6815 0.9390 1.4025 3.0000
-1.0492 -0.7085 3.0345 3.0000
0.3458 0.5737 1.4054 3.0000
-2.4011 2.0160 2.9200 0.0000
0.2420 0.9439 0.2636 0.0000
1.2010 -0.8026 -1.6195 2.0000
-0.2796 1.7337 -0.9451 1.0000
1.8961 -1.1822 -1.0857 2.0000
1.1994 1.6805 0.5316 3.0000
0.8256 0.1748 1.8869 3.0000
1.1904 -0.5466 -1.8815 2.0000
1.9052 -1.5724 -0.9475 2.0000
-1.9346 3.7446 1.9287 0.0000
-0.1994 -0.1407 0.1442 1.0000
-1.7215 0.6724 -1.1655 1.0000
-1.9171 1.8234 1.3879 0.0000
1.0587 -1.0275 -1.0836 2.0000
-2.0101 -0.9953 -1.0182 1.0000
-0.2533 -0.9481 -0.0143 2.0000
2.4273 2.0711 -0.2853 3.0000
-2.5394 -0.3030 -0.1626 0.0000
0.6688 -1.3888 -0.3147 2.0000
-0.1260 -1.6633 1.9113 2.0000
-0.4662 2.4530 1.1359 0.0000
0.8310 1.8319 0.2211 2.0000
0.5083 0.8012 1.2217 3.0000
0.9268 -0.3857 -2.4039 2.0000
0.2485 0.2787 -2.4801 2.0000
-0.2992 0.7434 -2.7079 2.0000
1.4688 1.0559 1.0331 3.0000
-2.3199 -0.6142 0.6508 0.0000
-0.7394 0.5538 -0.4824 1.0000
0.7888 -1.0230 -1.2510 2.0000
-3.1394 1.5951 -0.1878 0.0000
0.9711 1.8023 0.2116 3.0000
-0.2736 -1.7313 0.5344 2.0000
0.9746 0.6017 1.5838 3.0000
1.4648 1.3150 0.6417 3.0000
2.2325 -2.0170 -0.3441 2.0000
-0.8493 1.7803 2.8101 0.0000
0.9513 0.1104 1.4365 3.0000
1.7036 -1.9356 -0.2943 2.0000
-0.6443 0.1593 -0.1112 0.0000
-2.1108 1.3372 1.0703 0.0000
0.8679 1.2847 0.6865 3.0000
-0.8814 2.7437 2.7120 0.0000
-0.4860 3.0889 2.0018 0.0000
1.6282 -0.8442 -1.3972 2.0000
1.9801 -1.4218 -1.3615 2.0000
-0.0156 0.6307 1.2009 3.0000
-1.0645 -0.8952 2.7360 3.0000
-1.3580 2.1227 0.3773 0.0000
1.2012 0.5338 1.4916 3.0000
3.8259 -2.0993 -1.1399 2.0000
1.0766 0.0754 -3.1989 2.0000
-0.5947 -0.0774 0.2257 0.0000
-1.6180 1.4169 2.5620 0.0000
0.0883 -0.0240 0.1314 1.0000
0.0990 0.7181 2.1318 1.0000
2.6154 -2.5381 0.2249 2.0000
-0.9325 3.4822 -2.2793 1.0000
0.2541 -0.7639 1.2804 0.0000
-1.2860 0.8924 2.9571 0.0000
-0.5835 0.6992 -0.5899 1.0000
0.9814 1.8702 -0.0973 1.0000
-2.3233 0.5942 -1.7657 1.0000
-0.8263 2.4995 -1.8244 1.0000
-0.9161 1.0125 -2.7917 2.0000
-1.2547 1.3588 -1.0424 0.0000
0.5009 -0.1366 0.3924 1.0000
0.9042 0.7283 1.2085 3.0000
0.3970 0.5555 1.1213 3.0000
2.1169 2.0740 0.0573 3.0000
-2.4961 1.6802 -2.3091 1.0000
2.0926 1.5817 0.6596 3.0000
0.7672 0.6834 0.2323 1.0000
0.7747 0.5257 1.6545 3.0000
1.4010 2.0360 0.0554 3.0000
2.8360 2.4219 -0.5213 3.0000
0.7358 0.5929 0.6999 0.0000
-2.2691 -0.4298 -1.5930 1.0000
1.6345 -1.2549 -0.9504 2.0000
1.3837 0.8715 1.0117 3.0000
-0.4913 -1.3883 0.6205 2.0000
0.7128 1.2216 0.3531 1.0000
1.5459 0.9363 1.1500 3.0000
-1.4015 -0.5001 0.9942 0.0000
-0.9381 1.4137 1.3721 0.0000
1.8265 -1.7811 -0.7246 2.0000
1.4574 -0.6100 -1.7201 2.0000
2.7423 2.1233 -0.2099 3.0000
0.5599 0.0676 1.9854 3.0000
-3.6854 1.5457 2.2288 0.0000
1.1006 0.5885 0.6304 1.0000
-1.1396 1.9634 -1.6288 1.0000
-0.5064 1.1535 -0.6971 1.0000
1.3642 0.5100 1.2627 3.0000
2.3107 -2.3714 0.5174 2.0000
1.2500 0.6280 0.7846 1.0000
-1.7075 1.0589 -1.2772 1.0000
0.1039 0.0837 0.3784 1.0000
-0.5428 3.0604 -1.3133 1.0000
-0.9997 -0.0225 -0.9490 2.0000
-0.6517 1.6536 -1.1466 1.0000
1.3276 -1.7452 -0.4399 2.0000
-2.3030 0.1259 -1.4650 1.0000
-2.8047 2.7268 1.7939 0.0000
0.7529 1.9620 -0.6056 1.0000
2.0586 -2.0621 -0.3283 2.0000
-0.1654 1.5649 -0.5626 1.0000
-2.8382 1.9502 -2.6892 1.0000
-0.2485 -0.9356 1.4911 0.0000
-1.2272 1.2200 -1.2460 1.0000
1.5350 -0.7730 -1.8873 2.0000
0.8361 1.8265 -0.2786 1.0000
1.0558 -1.4737 -0.2158 2.0000
2.2880 2.2807 -0.3710 3.0000
-0.7528 -0.0180 -1.0291 2.0000
-1.5924 -1.4729 3.3027 3.0000
0.3295 0.1537 1.8302 3.0000
1.2511 -1.2912 -0.8451 2.0000
-0.7550 -0.8477 -0.0725 2.0000
-0.0330 2.0347 -0.6633 1.0000
-5.4403 3.2901 0.9639 0.0000
-3.2389 1.8562 -3.0908 1.0000
1.5255 0.9696 0.5846 3.0000
0.4639 0.5099 1.5380 3.0000
-0.1195 0.0389 1.6638 3.0000
-0.8273 1.7118 0.3218 0.0000
-0.4748 -0.9005 0.0022 1.0000
1.2899 -0.0043 -2.5876 2.0000
-2.5550 4.8956 1.8519 0.0000
-1.9928 2.1621 -1.9329 1.0000
1.1145 0.3792 1.3629 3.0000
-1.5317 0.5521 -1.0523 1.0000
1.6390 2.3929 -0.1627 3.0000
-2.6974 1.9508 1.3387 0.0000
1.0533 -0.3647 2.1609 3.0000
-0.0065 2.0749 0.3150 0.0000
0.9695 -0.4353 -1.4643 2.0000
-1.7718 1.4968 2.1165 0.0000
0.7158 0.1391 1.9646 3.0000
-1.0881 2.0278 -1.5056 1.0000
-0.1067 0.6079 0.6910 0.0000
2.1932 -0.3443 -3.3257 2.0000
-0.2517 0.6222 -3.0984 2.0000
-0.7690 -0.3986 2.3119 3.0000
1.4522 0.4132 0.1722 0.0000
1.8455 1.8479 0.4043 3.0000
0.1238 -0.1615 2.2167 3.0000
0.1454 1.7256 0.9531 0.0000
-1.6629 -0.8277 -0.8300 1.0000
0.2694 0.6950 1.4139 3.0000
0.5045 0.9332 1.2755 3.0000
-2.6774 1.9951 -2.8044 1.0000
-0.0183 1.3261 0.7647 3.0000
0.4462 -1.3211 -0.2428 2.0000
1.4565 -0.0303 -3.2797 2.0000
-0.6493 1.2417 -0.8108 1.0000
-1.1821 -0.6163 -0.9760 0.0000
-1.5474 -0.0717 -0.8403 1.0000
-0.7882 2.5306 1.5100 0.0000
-1.2162 -0.5277 0.5862 0.0000
-1.9587 1.7309 0.4853 0.0000
0.4426 -1.0567 -0.3265 2.0000
1.3491 -1.2508 -0.6933 2.0000
-2.1354 2.7406 -2.5323 1.0000
-1.4407 1.6218 -1.5509 1.0000
-1.2575 1.5467 -1.5862 1.0000
-0.4108 1.4690 -0.9500 1.0000
1.6587 1.5533 0.4531 3.0000
0.5620 -0.6146 -1.1801 2.0000
-1.0151 -0.0661 -0.6030 1.0000
0.8315 -0.9875 -0.9375 2.0000
-0.1847 0.5925 1.4484 3.0000
1.4459 1.9088 2.0546 0.0000
0.0939 -1.1280 -0.2634 2.0000
-2.2574 3.9187 1.6589 0.0000
-0.6610 0.3613 0.3277 0.0000
-1.7127 2.0006 -1.6564 1.0000
0.8867 -1.7816 0.8157 2.0000
2.7234 -1.4821 -1.3873 2.0000
-0.6243 1.1378 1.3419 0.0000
2.5639 1.8154 0.2567 3.0000
-1.2669 1.0133 1.0860 0.0000
0.6381 0.5010 0.0259 1.0000
-1.5626 1.0287 -1.6679 1.0000
0.6133 0.4765 1.5677 3.0000
-2.1569 2.2403 -2.2418 1.0000
-0.6180 0.2371 -0.3798 1.0000
2.1439 -1.2547 0.1677 0.0000
1.5043 1.2630 0.7494 3.0000
1.0214 -1.0719 -0.7965 2.0000
2.2247 0.6902 1.3230 3.0000
-2.1398 0.4805 -1.6959 1.0000
1.2792 0.8889 0.8021 1.0000
-1.0632 2.6507 0.9365 0.0000
3.2302 3.8420 -1.9584 3.0000
-3.2984 1.7882 -3.0673 1.0000
0.7188 1.1642 0.6979 3.0000
0.4421 -0.3602 2.4819 3.0000
3.0485 -1.2768 -1.6214 2.0000
-0.5389 1.6256 2.0135 0.0000
1.2760 1.6692 0.4896 3.0000
-0.5458 -0.8026 0.1446 2.0000
2.0409 0.9952 -4.6763 2.0000
0.6523 0.5548 1.2252 3.0000
0.6092 0.6529 1.3174 3.0000
-3.1419 1.5306 0.3022 0.0000
-1.0363 -0.7453 2.4495 1.0000
0.3578 -0.1361 -2.1242 2.0000
-0.4194 -0.6526 -0.8053 2.0000
-0.2689 2.3824 -0.1717 0.0000
-0.9521 2.6059 2.0822 0.0000
0.6827 1.3338 0.6574 3.0000
0.3457 -0.3742 2.0357 3.0000
0.2799 0.5134 1.8590 3.0000
-3.1802 0.7078 -2.6646 1.0000
2.2312 2.2587 -0.1871 3.0000
-0.2486 -0.5237 -0.6195 2.0000
-0.5527 1.8041 -1.1740 1.0000
-1.4452 0.7945 2.3635 0.0000
-2.4598 0.7078 -0.4622 0.0000
-1.6545 3.8385 0.1487 0.0000
1.2018 -0.5273 -2.1198 2.0000
-0.1989 0.6506 1.2926 3.0000
0.5911 0.6135 1.3710 3.0000
-0.2412 -0.5555 1.1837 0.0000
-0.6903 1.8003 2.5958 0.0000
0.5517 0.0914 -3.4305 2.0000
0.0282 0.5316 -0.2214 1.0000
-2.0163 1.3386 -1.6482 1.0000
-0.1904 -0.6626 -0.5285 2.0000
1.3480 1.6589 3.0139 0.0000
-1.8634 2.5788 -2.5500 1.0000
-1.0875 1.4653 -1.4083 1.0000
-2.5953 3.7144 1.4299 0.0000
0.7092 0.3190 1.7914 3.0000
-3.4340 2.2150 -3.2759 1.0000
-0.9511 -0.3180 -0.9135 0.0000
-1.2040 0.1620 1.1628 0.0000
-1.3134 -0.0959 -1.0451 2.0000
-1.0199 2.5082 0.7049 0.0000
-2.0427 0.4988 -1.6339 1.0000
-1.8797 2.5654 -0.5354 0.0000
0.9250 0.3875 -2.8746 2.0000
-0.8346 1.9015 -1.5902 0.0000
0.6940 0.8535 0.9137 3.0000
-0.5062 0.1282 0.4855 0.0000
-3.0516 0.9067 -2.2035 1.0000
1.7239 2.1611 -0.0233 3.0000
1.1309 1.3298 0.5764 3.0000
-2.6836 1.1287 -2.5419 1.0000
1.2709 -1.6418 -0.6530 2.0000
1.3455 0.3242 0.9649 1.0000
0.7051 0.6027 1.3252 3.0000
0.0387 0.1173 1.9930 0.0000
-0.7514 -1.5551 3.4131 3.0000
-2.9939 3.7154 2.1004 0.0000
1.3668 -0.5776 -1.8954 2.0000
-1.3849 1.2012 -1.5167 1.0000
1.8970 2.1001 -0.1249 3.0000
-0.6134 -0.3448 2.6374 3.0000
-0.4984 -1.8769 1.1085 2.0000
1.1272 1.1902 0.8810 3.0000
-1.0412 0.7419 -0.2192 0.0000
-0.9699 0.1792 -0.7918 1.0000
-2.6797 1.9942 0.2505 0.0000
-0.2958 -0.0777 2.2489 3.0000
-1.1104 2.1079 -1.5073 1.0000
2.7276 -2.3848 0.0393 2.0000
-1.9366 3.8278 -0.0158 0.0000
-0.9907 -1.2595 0.5146 2.0000
-0.8001 -0.1911 -0.0586 1.0000
0.4929 -1.4514 0.3225 2.0000
-2.1496 2.0804 -2.2425 1.0000
2.4406 -1.0491 -1.8793 2.0000
-0.2680 -1.1104 -0.0146 2.0000
0.2251 -0.9588 0.6453 1.0000
1.1551 -1.3235 -0.8957 2.0000
1.5172 -1.2949 -0.2026 2.0000
-0.7693 -0.1014 0.1214 0.0000
-2.2591 0.4842 -1.6987 1.0000
1.0104 -1.3676 -0.3056 2.0000
0.0331 1.7962 -0.4469 1.0000
1.5440 0.5441 1.9529 0.0000
-1.0069 2.0341 -1.2165 1.0000
-0.6370 -0.6659 2.4425 3.0000
1.6898 0.2930 -3.5995 2.0000
1.4797 1.7587 0.3294 1.0000
-1.5337 2.1207 -0.3576 0.0000
-0.3320 -1.3480 0.5984 2.0000
0.8430 0.9595 0.2099 1.0000
-0.1608 -1.7633 1.2282 2.0000
-2.2333 1.0834 1.0280 0.0000
0.5857 1.7043 -0.2029 1.0000
-1.3831 1.2254 -1.3578 1.0000
0.8483 0.7320 1.3150 3.0000
0.3287 -0.5438 -1.2521 2.0000
1.4891 1.6188 0.1735 1.0000
0.9955 1.6950 0.2615 1.0000
-1.2679 3.7458 -2.2765 1.0000
0.2037 2.2550 -0.7362 1.0000
-0.5579 3.4671 0.3684 0.0000
-2.0923 1.4234 -1.8735 1.0000
1.6308 -0.8985 -0.3930 0.0000
-0.7419 0.0735 -0.4008 0.0000
-0.7616 -0.2213 -1.0617 2.0000
0.8780 -0.7154 2.7725 3.0000
0.6142 -0.6335 -0.8080 2.0000
2.0073 1.3758 0.8216 3.0000
-0.1885 -0.3136 -1.4737 2.0000
0.4232 -1.4487 0.5303 2.0000
-1.5596 2.5189 -2.1458 1.0000
-1.2425 0.7199 -1.0140 1.0000
-0.6661 0.8237 -0.5743 1.0000
0.8708 0.7311 1.3741 3.0000
3.9726 3.7921 -1.6106 3.0000
1.3522 -0.9046 -1.2469 2.0000
2.6867 0.0662 -4.1283 2.0000
-0.0469 2.0847 -0.9444 1.0000
0.7825 0.3229 -3.4701 2.0000
-0.7258 2.5831 -1.7654 1.0000
1.1035 0.9345 1.1631 3.0000
2.7343 1.6428 -0.1092 3.0000
1.4176 1.4116 1.0239 3.0000
-1.8377 1.0490 -0.2493 0.0000
1.4796 -2.1659 0.5948 2.0000
-1.0039 0.4978 -0.9586 1.0000
0.9993 0.7565 1.5453 3.0000
0.1404 -1.4158 0.3757 2.0000
-0.2745 -0.6003 -0.7312 2.0000
-0.4552 0.7596 1.6999 0.0000
0.7620 0.3048 0.2143 0.0000
1.5186 -1.4743 -0.5262 2.0000
-0.7097 0.5444 0.0644 0.0000
2.9197 1.7649 0.0121 3.0000
-0.1045 1.1272 0.9432 3.0000
1.9270 -1.3160 -1.2969 2.0000
-2.2326 0.0457 -0.3446 0.0000
-1.5422 -0.8535 0.4367 2.0000
-0.3731 0.6116 1.4126 0.0000
-0.5365 1.1657 -0.8099 1.0000
0.9676 -0.2569 -1.8483 2.0000
1.8524 1.1624 0.6632 3.0000
0.2406 0.8466 -3.9075 2.0000
-0.4710 -0.2093 1.8957 3.0000
-0.0459 1.6069 -0.5960 1.0000
-2.4202 2.9762 -2.6203 1.0000
-0.3206 1.9727 -1.1126 1.0000
-0.7716 0.9116 2.0812 0.0000
0.7465 0.0365 -2.8828 2.0000
-1.2450 1.5432 -1.7840 1.0000
-1.2020 -0.2903 2.2071 3.0000
-1.3977 3.2134 0.9251 0.0000
-0.3291 0.5271 2.3772 0.0000
-0.0568 0.2949 -2.1388 2.0000
-0.9684 0.6965 -0.7169 1.0000
-0.9913 2.0492 -0.1324 0.0000
