-8.7901 2.2206 -4.5623 0.0000
4.3390 11.1788 -10.5274 0.0000
2.9019 19.4462 6.8660 0.0000
-9.4773 11.5228 -0.9705 0.0000
11.1101 7.1864 6.9940 0.0000
10.9102 15.2592 7.3585 0.0000
5.4596 18.9213 -2.2262 0.0000
6.1841 12.9409 2.4874 0.0000
2.4234 1.1736 -4.5979 0.0000
-7.5226 18.4550 4.6939 0.0000
1.3877 0.3775 -4.7973 0.0000
-8.2819 14.2430 3.5685 0.0000
-1.7805 18.9010 -10.6831 0.0000
3.6260 3.3064 6.3785 0.0000
1.0004 11.0915 -11.0407 0.0000
-6.7361 14.8061 -7.7670 0.0000
1.1067 3.6857 -4.8128 0.0000
-8.4832 5.1491 -5.2560 0.0000
4.6000 1.3980 5.4814 0.0000
-6.0079 3.3391 6.1878 0.0000
3.3406 2.4814 6.5857 0.0000
2.7765 6.1035 -10.8969 0.0000
-7.5040 15.7620 4.7173 0.0000
6.1645 14.5674 -0.5709 0.0000
-8.9867 16.0147 -4.0219 0.0000
10.5913 13.8529 -5.7818 0.0000
1.9110 16.6789 7.3556 0.0000
5.9011 3.1281 3.3875 0.0000
-4.1216 11.6406 7.2836 0.0000
7.6391 0.4507 11.1763 0.0000
3.1204 10.3249 13.5564 0.0000
0.5951 17.7118 -11.0334 0.0000
10.4850 9.9180 8.0542 0.0000
12.5966 6.2073 1.4810 0.0000
-3.3811 5.7678 7.5526 0.0000
4.2630 8.2644 -3.6028 0.0000
-1.3546 19.1903 -10.7859 0.0000
-8.5248 20.4602 -5.1697 0.0000
-2.1351 15.7160 7.8343 0.0000
5.8247 20.7377 3.5735 0.0000
-5.4369 16.0070 6.5906 0.0000
-8.7436 5.9690 2.6352 0.0000
4.1181 9.1367 5.9667 0.0000
2.8476 15.1861 6.8978 0.0000
-8.3177 14.8961 3.5049 0.0000
12.4037 14.2406 3.2513 0.0000
-7.0372 10.2457 -7.4356 0.0000
3.3428 3.0058 6.5842 0.0000
3.6542 20.1524 6.3568 0.0000
-8.1867 4.6226 3.7316 0.0000
6.2100 20.5671 2.3741 0.0000
6.2597 2.6759 2.1242 0.0000
-9.4736 20.5870 -1.2605 0.0000
4.0545 7.8984 -3.7672 0.0000
-9.1594 17.0297 1.4284 0.0000
-2.1818 0.1531 7.8274 0.0000
4.2916 9.3450 -10.5421 0.0000
8.0501 5.2278 -8.5596 0.0000
2.5615 14.5850 -10.9296 0.0000
2.3603 13.9236 -10.9564 0.0000
-3.0502 9.7003 7.6477 0.0000
0.1523 14.8394 -11.0084 0.0000
-0.4857 20.5435 7.9005 0.0000
-7.8232 1.9582 -6.4052 0.0000
0.5516 11.8162 7.7635 0.0000
-7.7436 14.1952 4.4029 0.0000
2.8998 13.2976 -4.4271 0.0000
5.2790 5.5073 4.5962 0.0000
3.6679 18.3740 13.3757 0.0000
5.6735 5.1562 3.9016 0.0000
2.6020 17.7442 -10.9238 0.0000
-1.6481 9.8853 -10.7170 0.0000
5.9286 3.0049 -9.8953 0.0000
-8.9379 17.3067 2.1379 0.0000
-6.3351 1.6418 -8.1667 0.0000
3.1532 16.6948 -4.3141 0.0000
3.4094 12.6003 -4.1828 0.0000
6.2846 18.4098 1.9752 0.0000
6.0839 16.8673 -0.8545 0.0000
4.5789 8.4414 -3.3199 0.0000
5.5668 2.8390 -2.0461 0.0000
-8.7015 5.5900 -4.7778 0.0000
6.3542 0.0278 1.2835 0.0000
5.9705 13.7215 12.3147 0.0000
1.5634 1.7958 -11.0261 0.0000
-9.0873 3.7651 -3.6993 0.0000
4.2395 5.1445 -10.5580 0.0000
4.3829 8.5282 5.7116 0.0000
8.5654 14.4228 10.3655 0.0000
12.6024 9.3338 0.6967 0.0000
6.1610 10.5792 -9.7788 0.0000
-9.0788 1.9574 1.7106 0.0000
12.6058 7.1017 1.0443 0.0000
7.8752 4.3400 -8.6954 0.0000
-0.6531 15.5219 -10.9163 0.0000
9.6592 0.3707 9.1812 0.0000
-3.2699 12.9527 -10.1719 0.0000
-2.4688 14.6556 7.7789 0.0000
-8.7174 10.5975 -4.7403 0.0000
6.3075 0.9340 1.8141 0.0000
6.3365 5.2729 1.5469 0.0000
6.0978 4.9943 -9.8111 0.0000
10.8722 5.6231 -5.3343 0.0000
3.6065 5.5270 13.3972 0.0000
12.5571 20.4270 2.1069 0.0000
-9.0171 16.6144 -3.9284 0.0000
4.1623 18.7091 -3.6842 0.0000
-9.2687 14.9836 0.9756 0.0000
8.4537 7.2799 10.4715 0.0000
11.0264 19.7789 -5.0684 0.0000
-9.1928 10.1736 1.3000 0.0000
-8.2154 3.8941 3.6834 0.0000
5.9907 15.3195 3.1468 0.0000
6.3511 5.4454 0.6334 0.0000
3.4575 17.2785 -4.1562 0.0000
11.1420 15.5501 6.9332 0.0000
-2.6551 6.0942 -10.4127 0.0000
5.9172 9.6525 -1.3227 0.0000
-5.9445 15.0170 6.2361 0.0000
2.3107 14.0283 -4.6307 0.0000
6.1514 11.0581 2.6189 0.0000
6.5836 4.4970 -9.5497 0.0000
-1.5837 6.8123 -10.7329 0.0000
-9.0462 14.5907 1.8161 0.0000
3.8282 9.5966 6.2182 0.0000
-1.4737 15.0751 -10.7590 0.0000
5.4773 14.3664 12.5866 0.0000
-7.2385 7.4687 5.0344 0.0000
3.2987 2.0811 -4.2417 0.0000
2.7210 14.2965 -4.4974 0.0000
3.8675 7.4673 -3.9013 0.0000
5.0997 11.8643 12.7773 0.0000
-9.0940 2.6249 -3.6762 0.0000
12.5957 3.0664 0.4904 0.0000
6.3117 8.9006 0.2004 0.0000
4.5499 14.0570 5.5364 0.0000
2.6545 2.4668 -10.9160 0.0000
10.9543 16.2634 7.2803 0.0000
-0.5488 17.8786 7.9043 0.0000
3.0467 14.1251 -4.3635 0.0000
12.3191 15.7418 3.6783 0.0000
2.9039 5.0081 6.8649 0.0000
7.5475 2.1056 -8.9361 0.0000
6.1813 6.9117 -0.5040 0.0000
2.9681 2.6364 -10.8641 0.0000
12.6059 8.7463 0.9626 0.0000
6.2418 15.9836 -9.7367 0.0000
-1.9476 5.9030 7.8592 0.0000
6.1970 17.9727 -9.7602 0.0000
5.8299 9.5127 -1.5281 0.0000
1.4027 3.4000 7.5407 0.0000
-6.2945 13.4879 5.9577 0.0000
11.8857 9.2090 5.2161 0.0000
6.1157 6.9348 -0.7488 0.0000
11.7629 10.8441 5.5521 0.0000
11.6058 20.8125 -3.8966 0.0000
3.6652 15.7895 13.3767 0.0000
-2.6030 6.1647 7.7526 0.0000
6.2163 19.4762 2.3449 0.0000
5.3540 3.8675 4.4779 0.0000
12.4982 8.5710 -0.6450 0.0000
4.4450 7.8245 13.0745 0.0000
3.3707 20.6996 -10.7840 0.0000
-9.1341 0.0949 1.5206 0.0000
3.1341 13.6346 6.7232 0.0000
12.5696 10.6819 0.0420 0.0000
12.0754 3.2746 4.6297 0.0000
4.2594 13.4752 -3.6058 0.0000
6.0328 16.9650 3.0227 0.0000
12.5502 16.1066 -0.1860 0.0000
12.5812 1.6301 1.7870 0.0000
1.3448 16.6971 7.5592 0.0000
3.5810 7.2641 6.4125 0.0000
-6.9729 17.9045 5.3235 0.0000
-9.1273 11.8040 -3.5588 0.0000
4.3993 1.6786 -3.4861 0.0000
12.5929 15.6398 0.4249 0.0000
-9.2342 11.8355 -3.1358 0.0000
10.2437 9.4800 -6.2816 0.0000
5.6662 13.4076 3.9164 0.0000
4.4372 9.3179 13.0778 0.0000
8.4176 0.7754 -8.2561 0.0000
-0.7299 19.1668 7.9124 0.0000
6.3661 6.0439 12.0769 0.0000
3.5483 5.8662 -10.7438 0.0000
12.6052 1.0442 0.8600 0.0000
2.1376 15.0653 -4.6757 0.0000
2.6221 19.0985 -4.5331 0.0000
7.6962 9.7220 -8.8291 0.0000
2.0228 17.0966 7.3092 0.0000
-9.4633 6.9051 -1.5096 0.0000
6.1554 8.0794 -0.6055 0.0000
2.8737 6.1262 13.6297 0.0000
-9.4475 6.1937 -0.2450 0.0000
12.5151 11.7871 -0.5113 0.0000
3.4762 6.8448 -4.1456 0.0000
-9.0445 1.3817 1.8213 0.0000
2.9350 14.4956 -4.4124 0.0000
11.5731 6.4814 6.0221 0.0000
-7.7765 8.2380 4.3573 0.0000
3.2261 3.9122 -4.2785 0.0000
3.5866 1.0367 -4.0814 0.0000
-9.1433 13.7399 -3.5003 0.0000
3.5450 8.8875 -4.1060 0.0000
6.3608 19.5802 1.0345 0.0000
-7.2844 0.3974 4.9816 0.0000
-9.4018 17.3228 0.1965 0.0000
-7.2210 0.3893 -7.2181 0.0000
-4.4503 3.6323 -9.5771 0.0000
-2.9906 0.2906 7.6632 0.0000
-4.6026 10.6971 -9.4862 0.0000
6.1700 7.4278 -0.5493 0.0000
3.7890 6.6853 6.2502 0.0000
11.5945 20.4622 -3.9228 0.0000
6.1049 12.1390 -0.7855 0.0000
5.8682 19.4532 3.4696 0.0000
5.2681 18.6682 4.6132 0.0000
-9.0600 7.1309 1.7719 0.0000
0.0332 13.7245 -4.7193 0.0000
1.4085 4.0961 -4.7955 0.0000
-8.4738 7.6755 3.2128 0.0000
6.2393 14.3805 -0.2439 0.0000
1.3415 11.9452 -11.0353 0.0000
11.4273 1.7840 -4.2928 0.0000
-7.5267 1.6409 -6.8267 0.0000
2.9472 16.1910 -10.8679 0.0000
-4.3395 14.7223 7.1888 0.0000
2.1759 13.6201 -4.6663 0.0000
-7.4496 4.6372 4.7848 0.0000
-2.9276 16.4602 7.6791 0.0000
-6.3109 12.1158 -8.1895 0.0000
5.7000 3.0894 -1.7996 0.0000
5.7543 3.4896 3.7319 0.0000
12.2026 13.0368 -2.1555 0.0000
4.3617 20.5437 5.7330 0.0000
-5.6932 12.3075 6.4185 0.0000
7.6802 6.1985 11.1434 0.0000
3.7867 15.0382 6.2521 0.0000
5.9587 4.2675 -1.2170 0.0000
3.7053 13.4687 -10.7057 0.0000
-8.1138 8.6920 -5.9419 0.0000
-5.1969 0.6468 -9.0967 0.0000
1.9711 10.8444 -4.7129 0.0000
-6.1474 10.6577 6.0783 0.0000
0.1911 19.1504 -4.7488 0.0000
5.1349 14.9282 4.8101 0.0000
4.1235 6.3805 -10.5925 0.0000
2.9004 13.5482 -4.4269 0.0000
2.6677 5.2500 6.9986 0.0000
1.5680 13.7372 13.9372 0.0000
3.7148 12.6303 13.3591 0.0000
-9.1186 12.9042 1.5755 0.0000
7.0533 3.3836 -9.2673 0.0000
-3.3635 14.9244 -10.1313 0.0000
-8.6298 11.2922 2.8918 0.0000
12.4714 15.5884 2.8371 0.0000
6.3287 0.9381 0.3494 0.0000
12.5068 15.3933 -0.5782 0.0000
1.9730 19.9555 -4.7125 0.0000
12.2419 12.2987 4.0143 0.0000
0.9733 2.9431 -11.0407 0.0000
-7.7816 19.3992 4.3502 0.0000
0.5101 11.6697 -11.0300 0.0000
-8.4272 5.8257 3.3027 0.0000
10.5717 13.0649 -5.8114 0.0000
5.0693 18.0368 -2.7800 0.0000
-9.4736 2.2743 -0.7298 0.0000
12.0991 11.7529 4.5488 0.0000
8.4914 13.2875 10.4360 0.0000
5.9389 19.4485 3.2895 0.0000
4.9191 0.8019 5.1014 0.0000
10.4036 10.6561 8.1771 0.0000
-0.9131 15.3851 7.9163 0.0000
2.6804 13.8535 -4.5123 0.0000
5.0263 18.0898 -10.2878 0.0000
-5.9635 13.7852 6.2217 0.0000
7.0189 13.2642 -9.2891 0.0000
-8.9951 12.8080 1.9728 0.0000
-9.4300 3.4584 -0.0503 0.0000
-6.1663 17.9483 6.0631 0.0000
2.9275 10.8330 6.8509 0.0000
10.6279 0.4484 7.8310 0.0000
0.2202 17.2298 -11.0134 0.0000
11.0942 14.4594 -4.9465 0.0000
10.9441 13.8055 7.2986 0.0000
4.9906 1.0870 5.0084 0.0000
9.1767 14.8144 9.7392 0.0000
12.3566 7.0983 3.4981 0.0000
-9.4665 17.1040 -0.5435 0.0000
-8.0731 3.2772 -6.0103 0.0000
5.1202 7.0441 -2.7152 0.0000
9.3147 2.1652 -7.3980 0.0000
6.3329 0.3855 0.3919 0.0000
-9.2524 6.7949 -3.0548 0.0000
5.4847 14.6870 -2.1853 0.0000
3.4255 8.8154 -4.1739 0.0000
-5.4029 6.2568 -8.9476 0.0000
-9.3098 19.6613 0.7736 0.0000
0.8490 15.2607 -11.0397 0.0000
11.2040 20.4041 -4.7417 0.0000
2.2700 6.3619 13.7884 0.0000
3.9198 4.0745 -3.8650 0.0000
-3.4966 20.3355 -10.0717 0.0000
-7.5943 1.6685 -6.7346 0.0000
-1.6316 16.4953 -10.7211 0.0000
-9.0288 19.8929 -3.8916 0.0000
-8.5440 15.0794 -5.1294 0.0000
12.1942 12.0633 4.2034 0.0000
-8.0703 7.7480 3.9211 0.0000
-9.2292 6.2060 -3.1575 0.0000
2.5480 1.4090 -10.9316 0.0000
4.1500 7.9564 -3.6939 0.0000
-7.0366 10.5614 5.2565 0.0000
4.6573 5.2249 -3.2427 0.0000
5.7903 20.3619 -1.6148 0.0000
0.0948 20.9695 -4.7315 0.0000
6.1460 6.0791 2.6395 0.0000
6.0188 12.6053 3.0647 0.0000
-9.4658 18.5385 -1.4607 0.0000
-7.9577 12.2579 -6.1977 0.0000
12.4294 7.3892 -1.1008 0.0000
-9.2267 17.7633 1.1617 0.0000
11.1953 11.1033 6.8298 0.0000
-4.6355 13.0047 7.0480 0.0000
7.8627 15.8958 -8.7049 0.0000
-8.7205 6.0539 -4.7327 0.0000
-4.1614 14.4100 -9.7401 0.0000
4.0589 5.5972 6.0203 0.0000
7.5173 13.7016 11.2723 0.0000
9.8751 5.3888 -6.7582 0.0000
5.9650 16.7211 -1.2004 0.0000
-9.1753 7.2938 -3.3785 0.0000
0.5597 20.1689 14.0863 0.0000
2.3082 3.6410 -4.6314 0.0000
2.1461 15.0009 7.2557 0.0000
7.5231 17.9545 -8.9533 0.0000
1.8428 18.2964 -4.7376 0.0000
8.0435 10.9205 -8.5648 0.0000
-7.7897 11.5366 -6.4551 0.0000
6.6785 6.1784 -9.4951 0.0000
-8.7889 17.9892 -4.5654 0.0000
7.3333 16.0079 11.4132 0.0000
-0.9800 10.7807 7.9167 0.0000
-7.7331 10.5626 -6.5381 0.0000
2.3906 19.3087 -4.6077 0.0000
-8.6958 11.7787 -4.7912 0.0000
-6.2825 1.9708 5.9677 0.0000
2.2090 2.2717 13.8028 0.0000
6.6825 16.0989 11.8731 0.0000
5.8016 11.0425 -1.5903 0.0000
1.9512 11.6836 -4.7170 0.0000
5.3087 9.0914 -2.4570 0.0000
6.3327 0.4767 1.5887 0.0000
6.1463 16.8680 -9.7864 0.0000
-9.0061 8.0124 -3.9624 0.0000
-9.2303 9.7481 -3.1530 0.0000
-8.5875 9.2549 2.9821 0.0000
0.3011 2.8078 -4.7660 0.0000
-4.4492 20.2276 7.1383 0.0000
0.1413 20.1477 14.1265 0.0000
12.3496 0.2053 -1.5257 0.0000
-7.8197 1.1459 -6.4105 0.0000
6.3069 8.1097 1.8192 0.0000
9.1212 20.6174 9.7996 0.0000
-6.5774 10.1178 5.7097 0.0000
-4.5522 19.3759 -9.5167 0.0000
6.2396 7.1756 2.2314 0.0000
0.3873 10.4020 7.7947 0.0000
-0.8704 17.4050 7.9158 0.0000
-4.6133 13.8310 7.0590 0.0000
1.0238 6.4376 -4.8143 0.0000
-0.6510 9.5896 -10.9166 0.0000
6.3114 13.1063 0.1977 0.0000
-5.8474 8.4186 -8.5985 0.0000
-4.5305 4.1632 -9.5297 0.0000
3.2761 4.7198 -10.8042 0.0000
2.8391 15.5525 6.9027 0.0000
2.8329 4.4193 6.9063 0.0000
8.7918 3.8952 -7.9200 0.0000
-4.1402 6.0323 7.2759 0.0000
6.0943 20.7700 -0.8207 0.0000
10.3156 20.8202 8.3067 0.0000
0.5947 10.0762 -4.7990 0.0000
11.4618 4.5782 6.2755 0.0000
2.8190 9.3115 6.9142 0.0000
-3.6675 18.5416 7.4580 0.0000
2.8163 12.1728 13.6460 0.0000
-7.3019 18.9125 4.9614 0.0000
5.1268 18.4870 -10.2486 0.0000
-5.8300 17.0975 6.3209 0.0000
9.6941 18.5626 9.1382 0.0000
5.4886 10.7706 -10.0982 0.0000
-9.0902 3.5450 1.6727 0.0000
3.9259 16.3691 -3.8607 0.0000
-2.2930 20.8397 7.8099 0.0000
-9.2997 13.9081 0.8255 0.0000
3.3210 5.1900 6.5992 0.0000
-9.2362 19.4906 -3.1273 0.0000
6.1469 19.3980 2.6360 0.0000
-9.3580 19.4059 0.5006 0.0000
-9.3532 13.9226 -2.5277 0.0000
0.6971 19.7046 -11.0367 0.0000
7.9292 4.8881 -8.6540 0.0000
6.5134 12.0748 -9.5893 0.0000
-6.5755 20.8614 5.7114 0.0000
-8.2444 20.8924 3.6337 0.0000
12.0281 16.8209 4.7851 0.0000
-2.2285 12.3265 7.8203 0.0000
7.2696 13.1812 -9.1268 0.0000
0.7869 8.2388 14.0592 0.0000
8.7395 4.6771 10.1953 0.0000
-8.8431 18.8266 -4.4259 0.0000
1.9946 12.2867 7.3212 0.0000
-4.2940 7.5356 -9.6667 0.0000
1.8466 6.8734 -11.0080 0.0000
-9.3681 3.6215 -2.4331 0.0000
-0.6081 3.8860 7.9074 0.0000
-8.2217 14.0206 3.6725 0.0000
3.8205 6.0132 -3.9332 0.0000
2.8789 6.6541 6.8796 0.0000
5.9505 17.7469 -1.2383 0.0000
-0.0193 1.9652 -10.9938 0.0000
5.1550 19.9319 12.7503 0.0000
6.1698 8.7153 -0.5499 0.0000
1.3121 17.3764 -4.8031 0.0000
7.5722 17.3022 -8.9185 0.0000
-1.5704 14.3329 7.8957 0.0000
-9.4660 1.1086 -0.5328 0.0000
2.8773 13.7488 -4.4364 0.0000
6.3529 9.3778 0.6669 0.0000
3.0250 6.5193 -10.8537 0.0000
-5.7015 10.8965 -8.7174 0.0000
12.5279 13.9560 2.3994 0.0000
4.7205 8.1922 12.9545 0.0000
-1.9863 8.5857 7.8544 0.0000
-4.4730 4.5236 -9.5638 0.0000
-7.8675 3.4960 4.2281 0.0000
-9.4643 13.0779 -0.4997 0.0000
-4.3790 20.4692 7.1709 0.0000
2.9442 2.0601 13.6093 0.0000
-4.1779 13.7958 -9.7311 0.0000
5.8854 12.5936 -1.4001 0.0000
3.2577 15.7006 -10.8080 0.0000
4.3815 6.7020 13.1012 0.0000
10.9979 5.4941 7.2019 0.0000
-8.5182 6.0295 -5.1837 0.0000
0.6706 17.5941 -4.8045 0.0000
11.8849 17.8253 -3.1857 0.0000
8.0828 17.0681 10.8066 0.0000
6.8884 5.8507 -9.3699 0.0000
-6.8647 7.9347 5.4341 0.0000
-3.5941 6.0953 7.4834 0.0000
7.8621 14.4138 -8.7053 0.0000
4.8710 4.9373 -3.0155 0.0000
10.8580 15.6037 -5.3579 0.0000
-9.4129 16.6518 0.1060 0.0000
3.2981 11.2005 -4.2420 0.0000
12.4108 3.6647 -1.2072 0.0000
-4.3939 5.5130 7.1640 0.0000
4.8312 11.9115 -3.0597 0.0000
6.3361 15.4381 0.4265 0.0000
12.4267 4.2176 3.1199 0.0000
6.3301 13.6124 0.3628 0.0000
10.8316 19.0806 -5.4016 0.0000
11.8280 15.3768 -3.3419 0.0000
4.0243 18.6568 -3.7897 0.0000
-7.2311 20.1343 5.0428 0.0000
11.0005 5.7641 -5.1142 0.0000
-9.2902 4.3688 0.8728 0.0000
12.2685 18.9130 3.9032 0.0000
-3.5105 8.1799 7.5113 0.0000
-3.7607 2.2662 -9.9469 0.0000
6.0797 13.0932 2.8740 0.0000
12.6058 10.0492 1.0626 0.0000
12.6028 4.0327 0.7163 0.0000
-8.1728 19.2398 -5.8405 0.0000
0.7479 10.0761 7.7213 0.0000
-1.0685 20.8147 7.9164 0.0000
-6.4748 5.9074 -8.0325 0.0000
5.5418 1.2522 -2.0895 0.0000
-9.4771 19.0605 -0.9385 0.0000
2.6217 6.2211 7.0233 0.0000
-0.6157 19.3999 7.9078 0.0000
0.8375 10.1769 7.7002 0.0000
12.5769 14.5602 0.1427 0.0000
6.3444 2.4410 0.5294 0.0000
5.4931 5.5567 4.2428 0.0000
6.2612 14.2565 -0.1294 0.0000
0.6886 19.9978 -4.8056 0.0000
-6.6657 17.2200 5.6276 0.0000
12.6031 18.9950 1.2650 0.0000
10.4908 16.2685 8.0454 0.0000
-9.2398 20.4125 1.1055 0.0000
-6.4068 4.9994 5.8618 0.0000
12.2060 2.5699 4.1577 0.0000
-9.3459 5.0509 -2.5720 0.0000
-8.8619 12.1817 -4.3760 0.0000
-1.7638 7.7847 -10.6874 0.0000
3.7249 0.7385 -3.9958 0.0000
12.6001 2.6186 0.6147 0.0000
-3.5782 -0.2570 4.0864 1.0000
-10.5664 9.8064 5.8195 1.0000
7.3956 9.9473 -4.8504 1.0000
-5.8820 1.0441 9.9178 1.0000
-2.8690 19.6659 -13.6311 1.0000
9.1504 1.7534 3.4737 1.0000
9.4348 17.2895 0.0996 1.0000
-3.3862 12.0375 4.1954 1.0000
-4.1585 9.7424 -5.9295 1.0000
9.4237 9.9923 -0.0104 1.0000
-1.3129 19.1724 11.0362 1.0000
-11.8126 13.3408 3.3829 1.0000
3.6016 12.5073 -7.4808 1.0000
-3.1054 -0.0798 4.3366 1.0000
-3.0687 0.7433 -6.7646 1.0000
-9.9989 7.7287 -8.7474 1.0000
-6.0822 0.3993 -2.8657 1.0000
8.0754 1.8620 -3.9131 1.0000
-8.1457 12.1098 -10.7515 1.0000
-1.1503 17.5437 4.8115 1.0000
6.0533 7.2501 8.4229 1.0000
-6.1899 13.2168 -12.1851 1.0000
-5.6817 19.7954 -3.8850 1.0000
8.8677 -0.6048 4.3605 1.0000
-10.0338 -0.3548 -8.7006 1.0000
-5.6726 8.7271 1.8528 1.0000
9.4116 7.0181 2.1111 1.0000
-8.3653 5.9538 8.3009 1.0000
-0.2436 0.5427 11.0150 1.0000
8.7028 10.1823 -2.7296 1.0000
-6.2175 7.7596 -2.3393 1.0000
9.3024 15.2427 -0.8116 1.0000
2.9583 14.9096 -7.6714 1.0000
9.0036 9.0356 -1.9472 1.0000
2.4650 15.1867 -7.7796 1.0000
-12.5978 19.3647 -0.5447 1.0000
-9.8027 12.2634 6.8462 1.0000
-1.3905 4.2512 -7.5446 1.0000
7.8321 14.1815 6.3918 1.0000
-3.7598 1.8832 -6.2738 1.0000
8.1079 5.2474 -3.8612 1.0000
1.4800 6.2803 -7.9017 1.0000
0.9515 1.2579 10.8667 1.0000
2.8041 18.4500 -7.7087 1.0000
8.3757 16.2459 -3.3993 1.0000
-5.4720 0.9053 10.1055 1.0000
5.8701 0.9522 -6.2915 1.0000
-10.2327 18.3564 -8.4257 1.0000
-6.3591 3.7411 -0.8308 1.0000
-7.5507 19.6759 8.9338 1.0000
6.4686 17.1601 -5.8076 1.0000
6.7166 17.6950 -5.5792 1.0000
3.2033 13.8261 10.2001 1.0000
9.4169 11.8464 2.0652 1.0000
5.9939 0.8716 -6.1986 1.0000
-0.0636 10.8356 4.7254 1.0000
-4.2648 17.3992 3.6013 1.0000
-4.4670 14.2807 10.4865 1.0000
9.4012 19.8661 2.1958 1.0000
-3.0935 19.4110 10.8408 1.0000
-5.5897 10.9476 -12.5269 1.0000
-1.7005 9.2440 11.0183 1.0000
-2.5026 14.7508 4.5731 1.0000
-1.7433 12.0223 -7.4212 1.0000
6.6189 17.8293 7.8884 1.0000
-5.5358 6.1647 -4.1662 1.0000
-4.4759 11.7553 -13.0614 1.0000
-6.7424 16.6080 -11.8332 1.0000
-12.5805 9.5547 -1.7986 1.0000
8.8540 15.6241 -2.3633 1.0000
-12.6059 13.8653 -0.9694 1.0000
-5.6172 17.3924 1.9561 1.0000
-1.7514 3.6047 -7.4182 1.0000
8.5297 14.1344 -3.1015 1.0000
-7.6164 -0.0692 8.8869 1.0000
9.2084 11.4859 -1.2376 1.0000
-5.7674 16.7409 1.6632 1.0000
0.7633 5.1905 -7.9134 1.0000
-0.6515 4.5953 -7.7427 1.0000
-2.3028 1.4923 -7.1837 1.0000
-6.2718 17.2382 0.0689 1.0000
5.9949 3.4124 -6.1978 1.0000
7.8888 1.9451 -4.1972 1.0000
-10.2391 13.6051 6.2878 1.0000
-11.4851 10.4559 4.1687 1.0000
9.4221 6.9875 2.0183 1.0000
8.4376 14.8442 -3.2828 1.0000
-10.4576 1.7015 5.9805 1.0000
-11.4205 5.3169 -6.3660 1.0000
-0.8604 2.0097 11.0399 1.0000
-11.6738 10.5518 3.7349 1.0000
-7.3632 9.1010 -11.3906 1.0000
-1.9050 15.9207 4.7260 1.0000
-11.9468 13.4055 -5.0374 1.0000
-3.7318 4.6802 -6.2961 1.0000
8.9575 -0.1392 -2.0824 1.0000
-11.5028 16.8058 4.1297 1.0000
-5.2637 18.9365 10.1934 1.0000
-5.9963 18.5835 1.1157 1.0000
0.8143 10.8551 10.8905 1.0000
-3.2583 3.3539 4.2623 1.0000
1.7921 15.2776 -7.8764 1.0000
-12.1428 9.9802 2.3762 1.0000
6.7911 9.1766 -5.5071 1.0000
6.1044 2.4082 8.3778 1.0000
-6.3393 16.5553 9.6849 1.0000
-12.3713 19.6909 1.4176 1.0000
-9.1904 9.3602 7.5281 1.0000
-0.3215 12.5398 4.7689 1.0000
6.3369 13.8645 -5.9219 1.0000
8.5350 3.7830 -3.0907 1.0000
-2.6153 5.6472 4.5354 1.0000
9.0761 18.2373 3.7370 1.0000
5.5023 8.4898 8.8729 1.0000
-12.5071 3.2453 0.5757 1.0000
-7.0845 0.8966 -11.5958 1.0000
-5.5343 19.9961 2.1023 1.0000
-5.6780 3.0414 -3.8925 1.0000
0.7724 19.0918 10.8975 1.0000
-5.6541 5.6755 1.8879 1.0000
-5.8494 7.4419 -3.5150 1.0000
7.7117 0.0077 6.5691 1.0000
-6.3078 6.7305 -0.1699 1.0000
-10.7100 18.5313 5.5980 1.0000
-12.4730 5.9216 -2.8262 1.0000
-1.5696 14.6467 4.7786 1.0000
9.2754 2.5292 2.9474 1.0000
-11.5119 19.3393 4.1097 1.0000
-3.2278 13.1931 -13.5230 1.0000
-3.8562 5.7948 -6.1951 1.0000
-6.3045 16.7317 -0.1447 1.0000
-11.9063 6.4283 -5.1569 1.0000
-10.0298 5.3583 -8.7060 1.0000
-6.2979 4.5907 -1.8856 1.0000
7.5601 1.6180 -4.6463 1.0000
-5.4628 11.3235 10.1094 1.0000
-12.5984 17.0079 -1.4324 1.0000
-6.2976 14.5335 -0.0955 1.0000
0.1757 11.8166 10.9782 1.0000
-11.9719 18.8539 2.9337 1.0000
8.8271 5.1205 4.4677 1.0000
-6.2637 18.6768 0.1151 1.0000
-1.6587 18.7881 4.7669 1.0000
-3.4548 0.4175 -6.5053 1.0000
-11.9732 3.0688 2.9298 1.0000
-2.1025 14.6727 4.6841 1.0000
-0.3705 12.8241 4.7755 1.0000
2.1391 2.6557 -7.8337 1.0000
-2.9977 6.9961 4.3853 1.0000
-6.0412 14.4367 0.9868 1.0000
-1.0692 10.5706 4.8136 1.0000
9.3968 2.0332 2.2298 1.0000
-3.1496 19.9855 10.8299 1.0000
6.7524 -0.8403 -5.5448 1.0000
-5.7091 8.1154 1.7817 1.0000
-0.1459 16.1776 -7.8340 1.0000
6.7707 3.1960 7.7305 1.0000
-7.2038 18.3999 -11.5093 1.0000
-0.9859 11.3900 -14.0324 1.0000
-5.3175 7.9642 -4.5361 1.0000
-0.4790 14.8089 4.7882 1.0000
-12.5370 1.4101 0.3183 1.0000
-8.5757 5.3652 -10.3556 1.0000
8.3557 16.6016 -3.4361 1.0000
-10.0016 16.7954 6.6001 1.0000
-12.2633 18.6994 -3.9249 1.0000
5.3561 7.9985 8.9821 1.0000
-12.0597 16.0674 -4.6822 1.0000
-1.1030 8.5974 4.8129 1.0000
-3.9966 2.7911 -6.0754 1.0000
-3.6959 1.5371 -6.3244 1.0000
-5.3074 17.5566 2.4589 1.0000
-9.9139 13.0230 -8.8594 1.0000
-1.4146 11.2351 4.7950 1.0000
-0.6136 11.9482 11.0341 1.0000
-3.3538 11.2046 4.2128 1.0000
2.0753 10.3403 -7.8427 1.0000
6.2006 4.1124 -6.0353 1.0000
-6.3602 13.5842 -0.8892 1.0000
9.4347 12.7881 1.8934 1.0000
9.2289 11.8049 3.1590 1.0000
-1.1776 16.8244 -7.6099 1.0000
-7.1826 6.7622 9.1842 1.0000
-6.2107 11.5948 0.3789 1.0000
-6.3341 0.7608 -1.5739 1.0000
1.5968 2.7503 -7.8937 1.0000
3.4098 15.1662 -7.5437 1.0000
-6.1979 14.9114 -2.4282 1.0000
-9.2710 3.5723 -9.6350 1.0000
-12.5017 8.2424 0.6179 1.0000
-4.8353 19.7856 3.0552 1.0000
2.7385 6.7725 -7.7236 1.0000
-5.6117 11.7068 -4.0239 1.0000
8.0277 3.5105 -3.9880 1.0000
-3.7452 4.3162 -6.2854 1.0000
9.4404 0.6311 0.1608 1.0000
-8.9357 5.3150 -9.9960 1.0000
3.7185 0.8274 -7.4400 1.0000
1.6828 14.0222 10.7083 1.0000
6.4090 12.8870 8.0964 1.0000
-8.4956 18.7568 8.1884 1.0000
-2.9062 1.7943 4.4244 1.0000
-7.8815 16.7614 8.6906 1.0000
-6.6106 8.4223 -11.9205 1.0000
5.8278 9.3069 8.6147 1.0000
-3.1025 2.9074 -6.7433 1.0000
-0.5936 11.8522 11.0334 1.0000
-4.7383 17.0040 10.3942 1.0000
1.0478 11.9553 10.8488 1.0000
-5.9920 18.9910 1.1276 1.0000
-3.4356 13.6691 -13.4555 1.0000
-5.5994 6.7699 -12.5217 1.0000
6.6065 18.8000 -5.6829 1.0000
6.5473 -0.7836 7.9607 1.0000
-1.8557 8.7400 4.7353 1.0000
-1.5000 13.6985 -13.9496 1.0000
-12.3116 2.4905 1.7035 1.0000
3.0043 17.1132 10.2813 1.0000
-9.2349 13.2388 7.4820 1.0000
-6.3535 0.3198 -1.2968 1.0000
-1.8243 14.9614 -7.3901 1.0000
-5.1404 4.6093 -4.8023 1.0000
6.3787 18.3005 8.1253 1.0000
-4.2501 8.8180 3.6135 1.0000
-10.9519 6.1797 -7.2846 1.0000
8.5020 15.5958 -3.1570 1.0000
7.7270 13.1198 -4.4256 1.0000
-4.7550 8.4393 3.1420 1.0000
-1.9101 7.6103 11.0029 1.0000
-12.2628 16.7614 1.9153 1.0000
3.6486 11.3737 10.0010 1.0000
-5.3026 -0.9944 -4.5597 1.0000
-10.9005 13.2289 5.2866 1.0000
-5.9667 3.5075 1.1959 1.0000
-12.4889 15.7661 0.7137 1.0000
7.3783 10.3149 7.0216 1.0000
-2.9950 9.1184 -6.8102 1.0000
9.4753 7.4836 1.1889 1.0000
3.7120 4.9293 9.9706 1.0000
-4.6301 3.2859 -5.4477 1.0000
-12.5906 5.2965 -1.6195 1.0000
6.3991 3.0488 -5.8685 1.0000
-11.1452 1.3948 -6.9271 1.0000
-12.5839 13.1515 -0.2533 1.0000
-4.5494 2.6265 3.3483 1.0000
2.0656 9.0805 10.6039 1.0000
-1.6316 14.5520 -7.4625 1.0000
-8.6705 16.3655 8.0321 1.0000
9.0440 3.9466 3.8429 1.0000
8.3141 6.6307 -3.5114 1.0000
-10.9667 18.5146 -7.2582 1.0000
-2.6984 7.6635 4.5058 1.0000
8.5460 19.0645 5.1251 1.0000
-0.3986 11.7836 -7.7927 1.0000
-1.6464 8.0056 4.7686 1.0000
-8.6262 6.3459 8.0723 1.0000
8.3598 16.6851 5.4997 1.0000
-11.0399 19.0584 -7.1252 1.0000
6.2205 7.9035 8.2732 1.0000
0.2751 2.8055 -7.8841 1.0000
-1.9436 3.2712 -13.8623 1.0000
-5.1466 12.4471 2.6808 1.0000
-2.4775 7.8840 4.5811 1.0000
-6.7652 4.9073 9.4441 1.0000
2.8439 1.6630 -7.6994 1.0000
2.1275 9.6758 -7.8354 1.0000
-11.9130 1.6145 -5.1373 1.0000
-0.4436 13.3277 -7.7844 1.0000
-11.3309 15.3957 -6.5561 1.0000
2.2870 13.8234 10.5365 1.0000
-0.3154 4.6749 -7.8072 1.0000
-2.8060 1.4121 4.4649 1.0000
-5.1892 10.1052 -4.7316 1.0000
-4.0594 5.3857 -13.2307 1.0000
5.3513 17.0849 -6.6451 1.0000
-6.2085 9.3440 0.3886 1.0000
-2.4577 10.8683 -7.1082 1.0000
-10.7024 10.9363 -7.7106 1.0000
-6.2665 16.0511 0.0998 1.0000
-10.4347 6.9216 6.0137 1.0000
-5.7167 5.8865 1.7667 1.0000
-4.9016 6.6372 -12.8716 1.0000
9.3187 4.4021 2.7269 1.0000
-2.0259 10.3773 4.7013 1.0000
-8.1697 2.0954 -10.7303 1.0000
1.8803 8.0045 -7.8670 1.0000
-6.6515 1.4820 9.5107 1.0000
9.4084 11.3868 2.1379 1.0000
-4.2780 5.2971 3.5904 1.0000
-4.8052 15.8671 3.0882 1.0000
-6.0363 18.2556 1.0013 1.0000
-6.2234 0.4384 0.3209 1.0000
-2.4849 12.2124 4.5788 1.0000
-2.2103 19.0403 4.6576 1.0000
-6.3770 7.0125 -12.0701 1.0000
-4.2248 0.4015 3.6342 1.0000
9.4741 3.8508 0.7473 1.0000
-5.2431 -0.7322 2.5504 1.0000
-6.0557 0.3625 -2.9516 1.0000
-9.3881 10.4338 7.3193 1.0000
-7.4627 15.0879 -11.3147 1.0000
8.7695 18.6300 -2.5735 1.0000
-0.2533 14.2854 4.7588 1.0000
-0.1054 6.7248 -14.1293 1.0000
-2.2467 0.8713 4.6481 1.0000
4.2296 19.9641 -7.2376 1.0000
9.1369 2.8328 3.5239 1.0000
-11.1796 3.9462 -6.8605 1.0000
-12.4122 5.4894 1.1994 1.0000
5.3743 17.3146 8.9688 1.0000
4.8873 18.8816 -6.9166 1.0000
-12.5764 4.5282 -0.1358 1.0000
-12.1786 6.5304 -4.2629 1.0000
-12.0849 12.2321 -4.5975 1.0000
-5.3032 12.7443 10.1771 1.0000
-4.4880 19.3145 3.4059 1.0000
-2.4214 -0.8621 -7.1263 1.0000
9.2104 2.4305 -1.2293 1.0000
9.4617 -0.4580 0.4510 1.0000
-12.5619 2.8212 0.0545 1.0000
-5.4474 10.3641 -4.3225 1.0000
0.2147 2.2515 10.9739 1.0000
3.0955 15.8345 -7.6355 1.0000
-10.2782 5.8780 6.2343 1.0000
-6.3123 15.0184 -1.7765 1.0000
8.9821 11.7580 -2.0112 1.0000
-4.7115 1.6947 3.1874 1.0000
-6.1074 11.0760 -2.7800 1.0000
-7.7594 1.2320 -11.0792 1.0000
-1.2475 7.4093 -7.5892 1.0000
-11.1083 13.8313 -6.9973 1.0000
9.4017 14.5325 2.1919 1.0000
-1.8271 19.9291 4.7404 1.0000
-11.3154 7.9859 4.5235 1.0000
-2.4468 2.3900 4.5907 1.0000
-12.4835 15.2809 0.7527 1.0000
-0.3972 9.9359 4.7788 1.0000
-0.7758 -0.6618 11.0385 1.0000
-6.2740 11.7389 0.0563 1.0000
0.7134 0.2926 -7.9118 1.0000
-5.8976 2.6416 -12.3566 1.0000
9.2169 9.6131 -1.2026 1.0000
0.9488 6.6574 10.8671 1.0000
-7.5161 18.6228 8.9583 1.0000
-4.9459 9.1549 2.9295 1.0000
-12.6011 4.0414 -0.6493 1.0000
-9.6636 15.1623 -9.1758 1.0000
-6.1425 18.9188 0.6535 1.0000
8.9390 19.3826 4.1624 1.0000
-3.3418 16.6334 -6.5849 1.0000
-7.5081 15.0069 8.9639 1.0000
-1.3109 3.0866 4.8031 1.0000
9.4764 10.3586 1.1259 1.0000
-11.3068 8.7533 4.5407 1.0000
-6.9641 13.4249 9.3233 1.0000
-4.8831 13.7246 3.0018 1.0000
-12.5626 8.3768 0.0466 1.0000
-5.4472 4.3384 -4.3227 1.0000
-11.9701 16.2055 2.9390 1.0000
9.3943 10.8724 -0.2543 1.0000
-6.2187 6.4742 0.3427 1.0000
-6.8988 -0.1620 9.3635 1.0000
-11.9747 14.3425 2.9251 1.0000
-3.3802 11.7499 10.7819 1.0000
-4.4909 8.0447 -13.0550 1.0000
-4.7391 17.0202 -5.3224 1.0000
-5.5153 7.1568 -4.2033 1.0000
-5.9979 -0.4636 1.1112 1.0000
9.1283 14.2582 3.5552 1.0000
4.9470 9.9078 -6.8839 1.0000
1.7609 17.5296 -7.8795 1.0000
8.4246 9.1207 -3.3076 1.0000
-3.8410 -0.4031 -6.2077 1.0000
-0.1908 8.6101 4.7487 1.0000
8.8358 15.5165 -2.4097 1.0000
-3.7687 13.4741 -6.2666 1.0000
7.9675 6.8454 -4.0802 1.0000
-8.3663 2.0025 -10.5528 1.0000
-6.3563 10.4778 -0.7425 1.0000
2.9116 9.7075 10.3176 1.0000
2.2454 3.0035 10.5495 1.0000
-3.4685 17.7888 -6.4955 1.0000
8.8081 0.0238 -2.4793 1.0000
-3.9129 10.2399 -13.2866 1.0000
0.6821 13.0354 -7.9106 1.0000
-4.7685 3.6506 10.3835 1.0000
-12.6047 14.6141 -0.8192 1.0000
2.0685 16.9248 -7.8437 1.0000
-1.3328 14.5794 -13.9787 1.0000
3.9802 5.8769 9.8363 1.0000
9.4337 17.8860 0.0876 1.0000
-5.0284 10.5225 10.2870 1.0000
6.5580 15.0533 -5.7273 1.0000
-4.7666 8.5408 10.3842 1.0000
-3.8271 17.0961 -6.2192 1.0000
-8.5210 3.7467 -10.4079 1.0000
9.0622 0.5978 3.7834 1.0000
-5.3159 13.2935 -4.5387 1.0000
7.3302 12.5560 -4.9283 1.0000
-10.9830 7.4402 -7.2288 1.0000
-11.9428 4.4848 3.0198 1.0000
9.1792 18.7763 -1.3533 1.0000
1.3827 5.8297 -7.9071 1.0000
3.2498 2.9008 -7.5921 1.0000
-2.4612 3.3571 -13.7413 1.0000
-5.0266 10.7894 2.8329 1.0000
-11.3290 2.7218 -6.5600 1.0000
-12.4617 8.5114 -2.9020 1.0000
-5.8416 16.0788 -3.5336 1.0000
1.2045 13.9995 -7.9139 1.0000
7.9906 7.5525 6.1452 1.0000
-11.7566 8.3980 3.5289 1.0000
-6.1549 3.1545 -12.2061 1.0000
-1.0844 4.9872 -14.0181 1.0000
-3.4720 15.5257 -6.4929 1.0000
-6.3349 11.6549 -1.5650 1.0000
9.2469 3.6604 -1.0745 1.0000
8.5361 10.3795 5.1461 1.0000
1.0221 15.2744 10.8537 1.0000
-4.8615 0.3210 3.0261 1.0000
2.0556 10.5694 10.6068 1.0000
-9.0426 13.5167 -9.8838 1.0000
-9.5607 9.2636 -9.3002 1.0000
-6.8780 13.6807 -11.7410 1.0000
-8.9588 14.3219 -9.9719 1.0000
-4.9742 6.1078 -12.8375 1.0000
-2.2908 3.3001 4.6362 1.0000
-9.4943 11.4145 -9.3790 1.0000
-4.0165 16.6203 -6.0579 1.0000
-0.9212 10.0083 -7.6795 1.0000
8.3561 11.5664 -3.4353 1.0000
-5.6112 10.8501 -12.5154 1.0000
5.7109 14.9626 8.7099 1.0000
1.4582 3.8385 -7.9030 1.0000
3.0923 15.7532 -7.6364 1.0000
-10.3394 19.1884 -8.2720 1.0000
-12.3961 5.2976 1.2881 1.0000
-5.7836 4.4075 1.6289 1.0000
-5.0511 14.9861 -4.9271 1.0000
2.9250 16.3585 -7.6797 1.0000
-6.0167 7.8088 -3.0710 1.0000
8.2820 0.6878 5.6454 1.0000
-5.8604 14.6664 -3.4886 1.0000
7.7083 8.6599 6.5740 1.0000
-7.6750 14.4481 -11.1476 1.0000
-12.5783 4.4254 -1.8316 1.0000
-4.5461 10.1910 3.3514 1.0000
-6.1890 12.0419 -2.4665 1.0000
5.8542 6.2210 -6.3032 1.0000
2.0780 8.8402 10.6002 1.0000
4.0185 15.7759 -7.3260 1.0000
-4.9323 11.2595 -5.0845 1.0000
0.8481 -0.0864 -7.9154 1.0000
-6.2284 3.1762 -2.2876 1.0000
-12.3740 9.2457 -3.4102 1.0000
-3.2078 6.1303 10.8183 1.0000
5.7404 17.0102 -6.3853 1.0000
-3.5399 11.3229 10.7458 1.0000
9.4451 1.2089 1.7768 1.0000
9.3775 16.0495 2.3697 1.0000
2.5765 -0.6203 -7.7580 1.0000
9.2564 2.1897 -1.0321 1.0000
-1.9052 5.5913 -13.8704 1.0000
-10.8443 12.1539 5.3806 1.0000
-12.4956 18.0664 0.6640 1.0000
-5.4232 13.8116 2.2841 1.0000
9.4574 4.4391 0.3812 1.0000
2.5419 11.1460 -7.7649 1.0000
-4.1253 3.1394 3.7132 1.0000
4.6509 15.4683 -7.0402 1.0000
-3.4829 2.7013 4.1418 1.0000
-5.5703 1.9377 -4.1024 1.0000
-11.5966 4.8339 3.9180 1.0000
-2.0484 15.7157 10.9906 1.0000
-3.3432 15.3193 10.7900 1.0000
-3.7137 18.6498 4.0029 1.0000
-6.2559 18.9227 0.1583 1.0000
-0.9931 4.4795 4.8145 1.0000
-4.4772 9.6782 3.4159 1.0000
-4.6221 4.0083 3.2777 1.0000
-5.0485 14.0623 -12.8021 1.0000
-11.0513 12.7494 -7.1040 1.0000
-6.2253 1.2112 -2.3025 1.0000
-4.8399 -0.9451 -5.2009 1.0000
-4.9624 17.8631 -12.8431 1.0000
7.9684 3.6357 6.1807 1.0000
2.6653 8.3209 -7.7396 1.0000
8.6604 19.9045 -2.8250 1.0000
-3.9645 7.0524 -6.1033 1.0000
7.2047 14.1215 7.2379 1.0000
-6.0590 12.6382 9.8307 1.0000
9.4691 -0.3549 1.3885 1.0000
-12.3584 4.4038 1.4824 1.0000
-5.0613 18.8550 2.7901 1.0000
5.8207 5.6995 8.6206 1.0000
-1.3736 19.7271 -13.9718 1.0000
-6.0336 1.3899 1.0094 1.0000
9.3677 7.4697 -0.4386 1.0000
3.5943 6.7528 10.0266 1.0000
0.3121 19.6546 -7.8874 1.0000
