0.4607 0.6059 -0.1124 0.0000
0.9245 0.3880 -1.3811 0.0000
-0.9211 1.9367 1.3893 0.0000
0.1019 0.1589 -0.0052 0.0000
-0.5327 1.5710 -1.8463 0.0000
-0.5592 1.8946 -1.8291 0.0000
0.3776 1.4361 1.9260 0.0000
-0.3732 1.1489 1.9278 0.0000
0.8846 0.7379 1.4663 0.0000
-0.5294 0.5911 0.1516 0.0000
0.9606 0.1342 1.2779 0.0000
-0.3957 0.7577 0.0816 0.0000
0.9864 1.0058 -0.8356 0.0000
-0.8693 0.4976 1.4942 0.0000
0.9959 1.9392 -1.0902 0.0000
0.7555 1.9971 -0.3448 0.0000
0.9746 0.5790 1.2241 0.0000
0.5267 1.2005 -0.1499 0.0000
-0.7660 1.7656 1.6428 0.0000
-0.7175 1.1674 0.3034 0.0000
-0.8918 0.7037 1.4524 0.0000
0.9690 1.6917 -1.2469 0.0000
-0.5322 1.0575 0.1534 0.0000
0.0922 1.2385 1.9957 0.0000
0.4085 1.5139 -0.0872 0.0000
0.4792 0.5766 -1.8777 0.0000
-0.9679 1.3724 1.2515 0.0000
-0.4978 0.5331 1.8673 0.0000
-0.8703 1.3049 0.5075 0.0000
-0.8256 0.5132 -1.5643 0.0000
-0.9745 1.5925 -1.2243 0.0000
0.9985 0.6946 -1.0539 0.0000
-0.6092 1.9209 -1.7930 0.0000
-0.1168 0.3468 -1.9932 0.0000
-0.9127 1.4287 0.5914 0.0000
0.6455 1.7099 1.7638 0.0000
0.9922 1.7425 -0.8754 0.0000
0.5185 1.0401 -0.1449 0.0000
-0.9648 1.0987 0.7371 0.0000
-0.5229 0.5884 1.8524 0.0000
-0.7714 1.7133 0.3636 0.0000
-0.2886 1.5246 0.0425 0.0000
-0.8230 1.0267 1.5680 0.0000
-0.9243 1.0060 1.3816 0.0000
-0.3883 1.8389 0.0785 0.0000
-0.2536 1.1218 -1.9673 0.0000
0.7263 0.1877 -0.3126 0.0000
-0.8917 0.2163 1.4527 0.0000
-0.8670 1.5332 1.4984 0.0000
-0.4148 1.0517 0.0901 0.0000
-0.3571 1.1127 1.9341 0.0000
-0.3213 0.8658 1.9470 0.0000
0.1319 0.0454 -0.0087 0.0000
0.6807 1.6065 1.7326 0.0000
-0.1541 0.7631 0.0119 0.0000
-0.9633 0.9284 0.7315 0.0000
0.9262 0.8814 -1.3770 0.0000
0.7285 0.2674 -1.6851 0.0000
0.9736 1.9264 -1.2282 0.0000
0.9776 1.9188 -1.2106 0.0000
-0.9288 0.0195 0.6295 0.0000
0.9999 0.1091 -1.0138 0.0000
-0.9981 0.7724 0.9386 0.0000
0.6335 1.9636 -0.2263 0.0000
-0.9975 0.9636 1.0709 0.0000
-0.4943 1.8453 0.1307 0.0000
0.8365 0.6834 1.5479 0.0000
-0.6566 0.9907 1.7542 0.0000
-0.9644 1.6576 -1.2645 0.0000
-0.5666 1.3172 1.8240 0.0000
0.9728 0.6131 -1.2317 0.0000
0.9884 0.9133 -0.8480 0.0000
0.8578 1.2482 -1.5139 0.0000
-0.2326 0.8018 0.0274 0.0000
0.7901 0.3965 -0.3871 0.0000
0.8073 0.4495 1.5901 0.0000
0.7751 1.4812 1.6318 0.0000
-0.2998 0.4209 1.9540 0.0000
0.1391 0.3710 1.9903 0.0000
0.5870 0.5745 1.8096 0.0000
0.3450 1.9781 1.9386 0.0000
0.4813 1.9829 -0.1234 0.0000
-0.1980 0.9596 1.9802 0.0000
-0.8998 0.4360 -1.4363 0.0000
0.9901 0.8868 -1.1404 0.0000
0.3770 1.7659 -0.0738 0.0000
0.9280 1.1593 -1.3726 0.0000
-0.7933 1.8012 1.6088 0.0000
-0.7709 1.7607 -1.6370 0.0000
-0.0552 1.6283 -1.9985 0.0000
0.8461 1.7679 -1.5331 0.0000
-0.1852 1.0258 0.0173 0.0000
-0.0826 0.3376 -1.9966 0.0000
0.7412 1.5590 -1.6713 0.0000
0.9982 1.9847 -0.9403 0.0000
-0.6889 1.3246 -1.7248 0.0000
0.9520 0.4943 -0.6940 0.0000
-0.9531 1.8562 0.6975 0.0000
0.4777 1.8474 -0.1215 0.0000
-0.2764 1.8482 1.9610 0.0000
-0.2372 1.3260 1.9715 0.0000
0.8493 1.8766 -1.5279 0.0000
0.4405 0.4655 -1.8978 0.0000
-0.9656 1.1500 -1.2599 0.0000
-0.1655 1.9868 -1.9862 0.0000
0.3994 1.9898 -0.0832 0.0000
0.6628 1.6020 1.7488 0.0000
-0.1047 1.1740 0.0055 0.0000
-0.7781 1.2553 -1.6282 0.0000
0.4176 0.7846 -1.9086 0.0000
-0.1400 0.4454 0.0099 0.0000
-0.4091 1.7930 0.0875 0.0000
-0.4650 1.1702 1.8853 0.0000
-0.0992 0.7177 1.9951 0.0000
0.7688 0.6546 1.6395 0.0000
-0.5283 0.3449 -1.8490 0.0000
0.9690 0.3701 -0.7529 0.0000
0.2182 1.3353 1.9759 0.0000
-0.7238 0.5727 0.3100 0.0000
0.8948 0.6337 1.4465 0.0000
-0.3917 1.6902 1.9201 0.0000
0.8233 0.1872 -1.5676 0.0000
0.9893 1.8983 -0.8540 0.0000
-0.1968 0.8300 0.0196 0.0000
-0.8516 1.6549 1.5243 0.0000
0.9907 1.6478 -0.8643 0.0000
-0.9169 1.3650 -1.3990 0.0000
-0.5710 0.1056 0.1790 0.0000
0.7894 1.3094 1.6139 0.0000
0.8556 0.8931 1.5177 0.0000
0.7102 0.6209 1.7040 0.0000
-0.9288 1.0378 -1.3707 0.0000
0.3748 1.3291 -0.0729 0.0000
-0.0389 0.7802 -1.9992 0.0000
-0.0317 0.8177 1.9995 0.0000
-0.7726 0.4308 1.6349 0.0000
0.9717 0.3330 -1.2363 0.0000
-0.5535 1.2455 -1.8328 0.0000
-0.9976 1.9494 0.9307 0.0000
0.8199 0.1962 1.5725 0.0000
-0.2861 1.3139 -1.9582 0.0000
-0.9210 1.1994 1.3896 0.0000
0.7640 1.4953 -1.6453 0.0000
0.0813 0.6383 1.9967 0.0000
0.9646 0.5232 -1.2635 0.0000
-0.0761 0.5742 -1.9971 0.0000
0.8419 1.6756 -1.5397 0.0000
-0.9706 1.6976 0.7595 0.0000
0.8442 1.6255 -1.5360 0.0000
0.2536 0.5572 1.9673 0.0000
-0.9831 0.7557 1.1829 0.0000
-0.6874 0.5805 0.2737 0.0000
-0.4019 1.3727 -1.9157 0.0000
0.1215 0.4702 1.9926 0.0000
-0.4268 1.4861 -1.9043 0.0000
0.3183 1.5859 -1.9480 0.0000
-0.9645 1.0667 -1.2643 0.0000
-0.9480 0.3490 0.6817 0.0000
-0.3529 0.5251 1.9356 0.0000
-0.6416 1.1344 1.7671 0.0000
0.0515 1.4703 -1.9987 0.0000
-0.9468 0.4017 -1.3219 0.0000
0.9545 1.2964 -1.2983 0.0000
-0.1642 1.8172 0.0136 0.0000
-0.9064 1.4645 1.4225 0.0000
-0.0033 1.7768 -2.0000 0.0000
-0.3580 1.9176 -1.9337 0.0000
0.6461 0.5490 1.7632 0.0000
-0.4480 0.4161 1.8941 0.0000
0.0148 1.8012 -1.9999 0.0000
-0.1406 0.7790 -1.9901 0.0000
-0.9845 0.2158 1.1751 0.0000
-0.8731 1.2470 1.4876 0.0000
-0.6068 0.9571 0.2052 0.0000
0.3633 0.3841 -0.0683 0.0000
0.6211 1.8324 1.7838 0.0000
-0.0337 0.9596 -1.9994 0.0000
0.3216 1.9824 -0.0531 0.0000
0.5228 0.5626 -1.8525 0.0000
-0.5686 0.1193 1.8226 0.0000
-0.9470 1.8153 -1.3213 0.0000
0.7002 0.5925 -1.7139 0.0000
-0.9958 1.8476 0.9081 0.0000
-0.8846 0.9692 -1.4663 0.0000
0.9496 1.3867 -1.3136 0.0000
-0.0681 0.2325 -1.9977 0.0000
0.9095 0.5292 1.4158 0.0000
0.8656 1.3578 1.5007 0.0000
0.7538 1.9046 -1.6571 0.0000
-0.9638 1.6400 1.2667 0.0000
0.1575 1.8091 -0.0125 0.0000
0.0979 1.5494 1.9952 0.0000
-0.9785 1.9440 -1.2063 0.0000
0.0259 0.4761 -0.0003 0.0000
0.0408 0.2448 -1.9992 0.0000
0.7663 0.4810 1.6425 0.0000
-0.1974 1.1602 0.0197 0.0000
0.8326 0.7414 1.5538 0.0000
-0.4616 0.0703 -1.8871 0.0000
-0.4888 0.2494 0.1276 0.0000
0.7985 0.5624 1.6021 0.0000
0.7512 0.6708 1.6601 0.0000
0.3575 0.6351 -0.0661 0.0000
0.7569 1.1310 1.6535 0.0000
-0.1605 1.3109 1.9870 0.0000
-0.5645 1.6896 0.1746 0.0000
-0.0209 0.7598 0.0002 0.0000
0.7070 1.8760 -0.2928 0.0000
0.9069 0.7621 -0.5786 0.0000
-0.9316 0.8467 0.6365 0.0000
0.8997 0.8285 -0.5635 0.0000
0.0887 1.5293 1.9961 0.0000
-0.8551 1.4756 1.5184 0.0000
0.3205 0.8447 -1.9473 0.0000
0.1276 0.6853 1.9918 0.0000
-0.5090 0.1649 1.8608 0.0000
-0.6588 0.5076 1.7523 0.0000
-0.1919 0.1511 0.0186 0.0000
1.0000 0.6652 1.0070 0.0000
0.9595 0.3788 1.2818 0.0000
-0.3545 1.2916 0.0650 0.0000
0.0391 1.4925 1.9992 0.0000
0.9927 0.9770 -1.1207 0.0000
0.3517 0.9651 -1.9361 0.0000
0.6718 0.6891 -0.2593 0.0000
0.9651 1.9183 -1.2617 0.0000
-0.8561 1.9867 0.4832 0.0000
0.9063 1.2846 1.4226 0.0000
-0.5404 1.6924 0.1586 0.0000
-0.9344 0.7513 0.6438 0.0000
0.7921 1.1757 -0.3896 0.0000
0.3011 0.7387 1.9536 0.0000
-0.5441 1.8981 1.8390 0.0000
0.1739 1.2155 -1.9848 0.0000
-0.7959 1.7882 1.6055 0.0000
-0.7481 1.2360 0.3364 0.0000
-0.8234 0.1695 -1.5675 0.0000
-0.8553 0.6166 1.5181 0.0000
0.2001 1.1862 1.9798 0.0000
0.9450 1.8312 -1.3271 0.0000
0.5908 1.3135 -0.1932 0.0000
0.8683 0.7086 -0.5039 0.0000
0.9226 1.3157 1.3859 0.0000
-0.7031 1.2652 0.2889 0.0000
0.9992 1.9441 1.0402 0.0000
-0.6836 1.2147 1.7298 0.0000
0.9319 0.0161 -1.3628 0.0000
0.8365 1.9742 1.5480 0.0000
-0.9344 0.2914 1.3562 0.0000
-0.9937 0.7221 -1.1118 0.0000
-0.9634 1.9293 -1.2679 0.0000
-0.1703 1.3447 0.0146 0.0000
0.7957 1.3648 -1.6056 0.0000
0.9491 0.8679 -0.6849 0.0000
-0.3177 0.8014 0.0518 0.0000
-0.2218 0.6064 -1.9751 0.0000
-0.0551 1.5225 1.9985 0.0000
0.0462 0.7283 -1.9989 0.0000
0.9224 0.2481 1.3862 0.0000
-0.3116 0.4063 -1.9502 0.0000
0.9961 0.2878 -1.0878 0.0000
-0.4880 1.7953 0.1271 0.0000
0.9989 0.5359 -1.0462 0.0000
-0.3649 0.4624 0.0690 0.0000
0.4817 1.3102 -1.8763 0.0000
0.4808 0.6016 1.8768 0.0000
0.0768 1.6077 -0.0030 0.0000
-0.3519 1.3737 -1.9360 0.0000
-0.7757 1.1789 -1.6311 0.0000
-0.4845 0.9528 1.8748 0.0000
-0.7199 0.7529 1.6941 0.0000
-0.6180 0.8820 -1.7862 0.0000
-0.9934 1.4140 0.8854 0.0000
0.8598 0.1180 1.5107 0.0000
0.8985 0.4630 -1.4390 0.0000
-0.7219 1.3992 0.3080 0.0000
0.7978 1.4177 -1.6029 0.0000
-0.2142 1.1445 0.0232 0.0000
0.0053 0.5230 -0.0000 0.0000
-0.7011 0.4510 0.2870 0.0000
-0.9196 1.0669 1.3929 0.0000
-0.5932 0.5273 -1.8051 0.0000
0.9998 1.4789 -1.0200 0.0000
0.4072 1.5354 -1.9133 0.0000
-0.5548 1.4387 -1.8320 0.0000
-0.7084 1.2583 1.7058 0.0000
-0.7278 1.7867 -1.6858 0.0000
-0.2724 1.1052 -1.9622 0.0000
0.0573 0.5641 -0.0016 0.0000
0.5972 0.4755 -0.1979 0.0000
0.4685 0.2002 1.8835 0.0000
0.6219 1.2355 -1.7831 0.0000
-0.0618 1.5304 1.9981 0.0000
0.3135 1.2205 -0.0504 0.0000
0.3701 0.2648 1.9290 0.0000
0.7730 1.4023 1.6344 0.0000
0.8560 1.4783 -0.4831 0.0000
-0.0828 0.7378 0.0034 0.0000
0.9971 1.0947 -1.0767 0.0000
0.3897 0.1542 -1.9209 0.0000
-0.9867 1.1972 -1.1624 0.0000
0.7021 0.0373 1.7121 0.0000
0.9447 0.6963 -0.6720 0.0000
0.6635 1.6180 -0.2518 0.0000
0.9886 1.2576 -0.8495 0.0000
0.3958 0.7498 -0.0817 0.0000
0.5147 1.8276 -0.1426 0.0000
-0.3259 1.2543 -1.9454 0.0000
-0.4370 1.8594 0.1005 0.0000
0.3237 0.9786 -0.0538 0.0000
0.9739 1.3085 -1.2270 0.0000
0.6649 1.2856 1.7470 0.0000
-0.5985 0.1036 0.1989 0.0000
0.5714 0.2794 1.8207 0.0000
0.2686 0.2485 1.9632 0.0000
0.9998 0.4164 1.0200 0.0000
-0.3946 1.9748 1.9188 0.0000
-0.4537 1.3435 1.8911 0.0000
0.1525 1.4421 -0.0117 0.0000
0.6145 1.8426 -0.2110 0.0000
0.0882 0.3635 -1.9961 0.0000
-0.1249 1.5066 0.0078 0.0000
-0.5208 1.0468 -1.8537 0.0000
-0.8355 0.7583 0.4505 0.0000
0.7421 1.4920 -1.6703 0.0000
0.4770 1.5977 -0.1211 0.0000
0.9196 1.1914 -0.6071 0.0000
-0.8292 1.3727 1.5590 0.0000
-0.8320 1.7028 -1.5548 0.0000
0.5648 0.7230 -1.8252 0.0000
0.1973 1.6716 1.9803 0.0000
0.3455 0.9546 -0.0616 0.0000
-0.9992 1.8293 -1.0397 0.0000
0.8950 1.4352 1.4460 0.0000
-0.9589 1.2296 1.2836 0.0000
0.7656 1.9593 -1.6433 0.0000
0.9320 1.0220 1.3625 0.0000
0.7289 0.4297 -1.6846 0.0000
0.6381 1.0553 -0.2300 0.0000
0.8179 0.7475 -1.5753 0.0000
0.4610 1.9387 -0.1126 0.0000
-0.8413 0.3563 -1.5406 0.0000
-0.9924 1.2459 0.8771 0.0000
0.6456 1.1189 -0.2364 0.0000
0.8876 0.2471 1.4605 0.0000
0.4826 1.3931 -0.1241 0.0000
-0.6887 1.1596 0.2750 0.0000
-0.9874 0.8698 -1.1580 0.0000
-0.8715 1.9057 -1.4905 0.0000
0.2644 0.2180 1.9644 0.0000
0.9241 1.2617 1.3822 0.0000
0.4200 0.5832 1.9075 0.0000
-0.2433 0.9941 1.9699 0.0000
0.8468 0.7357 -1.5319 0.0000
0.4027 1.3725 -0.0847 0.0000
0.3233 1.7825 -0.0537 0.0000
-0.3280 0.1578 0.0553 0.0000
0.9980 0.9576 1.0630 0.0000
-0.8487 1.4696 0.4710 0.0000
-0.9999 0.5779 -1.0100 0.0000
0.1226 0.6723 -1.9925 0.0000
0.6340 1.8891 -0.2267 0.0000
-0.2771 0.2210 1.9608 0.0000
-0.7320 1.1739 -1.6813 0.0000
-0.6555 1.4020 0.2448 0.0000
0.9021 1.3259 -0.5685 0.0000
-0.3367 0.1318 1.9416 0.0000
-0.9988 1.9173 1.0496 0.0000
-0.9940 0.0461 0.8907 0.0000
-0.8371 0.0642 0.4529 0.0000
0.9781 1.1111 1.2080 0.0000
0.9982 0.1505 -0.9405 0.0000
-0.0313 0.6421 1.9995 0.0000
0.8269 1.5846 -0.4377 0.0000
0.9031 1.1197 -0.5706 0.0000
0.9570 1.1612 -1.2902 0.0000
-0.9248 1.8345 1.3804 0.0000
-0.9252 0.2094 1.3795 0.0000
0.6693 1.9769 -1.7430 0.0000
-0.8691 1.2832 0.5054 0.0000
0.1335 1.3755 1.9911 0.0000
-0.6272 0.0319 -1.7789 0.0000
0.9924 1.7423 1.1230 0.0000
-0.4802 0.7885 -1.8771 0.0000
-0.9260 0.7960 1.3775 0.0000
-0.8974 1.2725 0.5587 0.0000
-0.9794 0.7948 -1.2021 0.0000
-0.5620 1.8803 0.1729 0.0000
0.8943 1.8334 -1.4474 0.0000
-0.7351 0.7460 0.3220 0.0000
-0.6859 0.4521 -1.7277 0.0000
0.8786 0.8133 -1.4775 0.0000
-0.1810 1.9856 0.0165 0.0000
0.7012 0.6098 1.7130 0.0000
-0.9595 0.9916 0.7183 0.0000
-0.0884 0.3970 0.0039 0.0000
-0.8933 0.9656 1.4495 0.0000
0.3207 1.9051 -0.0528 0.0000
-0.3941 0.8034 1.9191 0.0000
-0.0534 0.0257 0.0014 0.0000
0.2609 1.2340 -0.0346 0.0000
0.9980 1.5689 -1.0630 0.0000
0.7373 0.6923 -1.6756 0.0000
0.8272 0.2053 -1.5619 0.0000
-0.6558 0.7225 0.2450 0.0000
-0.4033 1.5762 0.0849 0.0000
-0.3696 0.9391 -1.9292 0.0000
-0.9617 0.0403 0.7259 0.0000
0.7822 1.3972 -1.6230 0.0000
-0.9984 0.5312 -1.0559 0.0000
-0.7592 1.0984 -1.6508 0.0000
0.4476 0.8515 -0.1058 0.0000
-0.9648 0.3927 1.2629 0.0000
0.9139 0.7897 -0.5940 0.0000
0.9862 0.5349 -1.1654 0.0000
0.2514 1.0767 -0.0321 0.0000
-0.9971 0.2995 0.9233 0.0000
-0.4078 1.9953 0.0869 0.0000
0.7173 1.6579 1.6968 0.0000
-0.9225 1.4570 1.3860 0.0000
0.2037 0.5018 1.9790 0.0000
1.0000 1.9064 -0.9982 0.0000
-0.9271 1.9469 -1.3748 0.0000
0.0888 0.2352 1.9961 0.0000
0.9647 0.5040 1.2635 0.0000
0.7623 0.2655 -1.6472 0.0000
-0.9808 0.5881 0.8049 0.0000
0.0562 1.5826 -0.0016 0.0000
0.8390 1.9681 1.5441 0.0000
-0.1044 1.0627 1.9945 0.0000
0.9633 0.8432 -1.2685 0.0000
0.8369 1.4862 -0.4526 0.0000
-0.1881 1.7253 -1.9821 0.0000
-0.9396 1.0222 -1.3424 0.0000
-0.9695 0.9800 0.7548 0.0000
0.9058 0.8094 -0.5763 0.0000
-0.4734 0.8804 0.1191 0.0000
0.0527 0.8759 -0.0014 0.0000
-0.8535 0.2315 0.4788 0.0000
-0.9774 1.8691 -1.2114 0.0000
0.9189 1.0407 -0.6055 0.0000
0.2314 1.3774 1.9728 0.0000
0.9575 0.9087 -1.2886 0.0000
-0.9484 1.5611 -1.3172 0.0000
-0.5478 0.4463 -1.8366 0.0000
0.5199 1.6933 -0.1457 0.0000
0.9904 1.9172 1.1382 0.0000
0.2589 0.2609 -1.9659 0.0000
-0.8008 0.8747 -1.5990 0.0000
0.8057 0.0819 -1.5923 0.0000
-0.6207 1.5514 0.2159 0.0000
-0.9014 1.0461 0.5671 0.0000
0.7421 0.0645 -1.6703 0.0000
0.5264 1.8125 1.8503 0.0000
0.4425 1.8482 -1.8968 0.0000
-0.0113 0.5605 0.0001 0.0000
0.7895 1.4806 1.6138 0.0000
0.0968 0.1477 -1.9953 0.0000
-0.8524 1.3090 0.4772 0.0000
0.5350 0.6287 1.8448 0.0000
-0.0672 0.0491 1.9977 0.0000
-0.2435 0.6090 -1.9699 0.0000
-0.0572 1.0742 1.9984 0.0000
0.4463 0.0689 -1.8949 0.0000
0.2719 1.7581 -1.9623 0.0000
0.6856 0.8351 1.7280 0.0000
-0.5720 1.0233 0.1798 0.0000
0.4216 1.9339 -1.9068 0.0000
-0.0935 1.8585 0.0044 0.0000
-0.3032 1.4375 -1.9529 0.0000
-0.9059 1.4524 0.5766 0.0000
0.9354 1.6752 -0.6464 0.0000
-0.4274 1.2692 1.9041 0.0000
-0.0840 1.2138 -1.9965 0.0000
-0.0567 1.7384 -1.9984 0.0000
0.5814 0.2537 -0.1864 0.0000
-0.9953 1.9624 1.0964 0.0000
-0.9910 0.5037 0.8662 0.0000
0.7786 0.4671 -0.3724 0.0000
0.3528 1.2476 1.9357 0.0000
0.0985 1.1138 -0.0049 0.0000
-0.9369 1.0926 1.3497 0.0000
-0.9970 1.7427 0.9224 0.0000
-0.9941 0.0115 1.1081 0.0000
-0.0113 0.3040 -1.9999 0.0000
-0.0832 0.3879 1.9965 0.0000
-0.6113 1.1054 1.7914 0.0000
0.0207 0.7215 1.9998 0.0000
0.9899 1.2943 1.1418 0.0000
-0.6451 0.8379 0.2359 0.0000
-0.0999 0.0512 -1.9950 0.0000
-0.6085 1.5804 -1.7935 0.0000
-0.1188 1.0063 0.0071 0.0000
-0.6750 0.7848 0.2622 0.0000
-0.3224 0.5610 -1.9466 0.0000
0.2653 1.7361 -0.0358 0.0000
0.4428 1.2513 -0.1034 0.0000
0.9867 0.1979 -0.8372 0.0000
0.7315 0.7932 1.6819 0.0000
-0.0487 1.9800 -1.9988 0.0000
0.5432 0.5061 1.8396 0.0000
0.2999 0.2408 -0.0460 0.0000
-0.7666 0.1372 -1.6422 0.0000
0.4431 0.1381 -0.1035 0.0000
-0.9965 0.0774 0.9165 0.0000
0.8445 0.9348 -1.5355 0.0000
-0.5955 1.8118 -1.8034 0.0000
0.8892 1.8951 -0.5424 0.0000
0.8645 1.8121 1.5027 0.0000
-0.4156 0.7647 -1.9096 0.0000
0.9857 1.3734 1.1686 0.0000
0.9941 0.1201 -1.1089 0.0000
-0.5881 1.5422 -1.8088 0.0000
0.0868 0.5513 1.9962 0.0000
0.2623 1.3136 -0.0350 0.0000
0.9353 0.5780 -1.3540 0.0000
-0.0833 0.9763 1.9965 0.0000
-0.6744 0.9213 1.7384 0.0000
0.8096 1.2211 1.5870 0.0000
0.0722 0.6533 1.9974 0.0000
0.4414 0.3744 1.8973 0.0000
-0.9201 1.1280 1.3916 0.0000
0.7033 1.5411 -1.7109 0.0000
0.9678 0.7673 -1.2519 0.0000
0.6183 1.9190 -1.7859 0.0000
0.9978 0.8875 -0.9340 0.0000
0.3602 0.7774 -1.9329 0.0000
0.1661 0.7772 1.9861 0.0000
0.4898 1.9242 -0.1282 0.0000
0.9796 0.5904 1.2009 0.0000
-0.0785 1.2429 0.0031 0.0000
-0.0949 1.0589 -1.9955 0.0000
-0.2582 1.9645 0.0339 0.0000
-0.9374 0.0902 1.3483 0.0000
-0.8509 1.9607 1.5253 0.0000
-0.8433 0.7011 0.4625 0.0000
-0.6879 1.6090 -1.7258 0.0000
-0.9708 0.4032 -1.2399 0.0000
0.7178 1.4266 -1.6962 0.0000
-0.9931 0.6642 -1.1174 0.0000
0.6210 0.3793 -1.7838 0.0000
-0.8949 0.3544 1.4464 0.0000
-0.5744 0.3471 0.1814 0.0000
0.8616 1.8214 -1.5075 0.0000
0.9202 0.9147 -1.3914 0.0000
0.9942 0.6302 -1.1078 0.0000
-0.1139 1.6262 0.0065 0.0000
0.2200 1.0733 1.9755 0.0000
-0.9285 1.3439 -1.3713 0.0000
-0.4828 0.5642 1.8757 0.0000
-0.9812 0.3881 -1.1931 0.0000
0.3615 0.2851 1.9324 0.0000
-0.9829 0.6783 -1.1843 0.0000
-0.9198 0.8181 0.6076 0.0000
0.2095 1.2830 -1.9778 0.0000
0.9976 0.7769 1.0687 0.0000
-0.4955 0.7662 0.1314 0.0000
-0.7000 0.3975 1.7141 0.0000
0.9657 0.7890 -1.2596 0.0000
0.9994 1.1037 -0.9657 0.0000
-0.3513 0.2736 0.0637 0.0000
0.9299 1.5118 -1.3679 0.0000
-0.9791 1.8326 -1.2034 0.0000
0.6380 1.1379 1.7700 0.0000
0.5569 0.6185 -0.1695 0.0000
0.9962 1.9424 -1.0875 0.0000
0.9507 0.2471 -0.6900 0.0000
-0.7839 0.3819 1.6209 0.0000
-0.3823 1.5378 -1.9240 0.0000
-0.6767 1.6189 1.7363 0.0000
-0.1094 0.7472 -1.9940 0.0000
-0.2724 0.1897 0.0378 0.0000
0.2204 1.2774 1.9754 0.0000
0.0866 0.6869 -1.9962 0.0000
0.7406 1.7049 1.6720 0.0000
0.3536 0.1289 -1.9354 0.0000
0.8091 1.0700 -0.4123 0.0000
-0.3971 0.3360 -1.9178 0.0000
0.2802 1.8936 -1.9600 0.0000
-0.7980 1.9462 0.3973 0.0000
0.2923 1.1723 1.9563 0.0000
-0.8064 1.3871 1.5914 0.0000
0.9999 1.7598 1.0125 0.0000
0.9922 1.8058 -0.8753 0.0000
0.6924 0.2354 1.7215 0.0000
-0.1187 0.6644 1.9929 0.0000
-0.6728 1.5836 1.7398 0.0000
-0.7739 0.5489 0.3667 0.0000
0.9821 0.8494 -1.1886 0.0000
-0.4998 1.9661 0.1339 0.0000
0.0355 0.9488 -0.0006 0.0000
0.6383 1.1508 1.7698 0.0000
-0.9990 0.4496 0.9544 0.0000
-0.3681 0.2944 1.9298 0.0000
0.7757 1.8107 -1.6311 0.0000
0.9862 1.5379 1.1656 0.0000
0.8916 0.2654 -0.5471 0.0000
0.9570 1.8628 -1.2900 0.0000
0.0437 1.7919 -0.0010 0.0000
0.9134 0.6570 1.4070 0.0000
-0.7144 1.7602 1.6998 0.0000
-0.6215 0.2682 1.7834 0.0000
-0.8151 0.4968 1.5794 0.0000
-0.7893 1.7602 1.6140 0.0000
-0.9671 1.0534 -1.2543 0.0000
0.3871 0.8235 -1.9220 0.0000
-0.5164 0.6015 -1.8563 0.0000
0.9041 0.4347 -1.4272 0.0000
-0.9921 0.3547 0.8747 0.0000
-0.8536 0.9027 -1.5210 0.0000
-0.1460 1.0005 0.0107 0.0000
-0.1760 0.1713 1.9844 0.0000
0.8297 1.4682 -1.5582 0.0000
-0.7663 0.1806 1.6425 0.0000
0.0992 0.2813 -1.9951 0.0000
0.7676 1.7800 -1.6409 0.0000
-0.9185 0.7497 1.3954 0.0000
-0.3713 0.2596 0.0715 0.0000
0.8976 0.7848 -1.4408 0.0000
0.9999 0.3400 -1.0127 0.0000
0.2479 0.2392 -0.0312 0.0000
-0.4327 1.9656 1.9016 0.0000
-0.9965 0.1701 1.0842 0.0000
0.9651 1.4881 -1.2620 0.0000
-0.3944 0.9007 0.0811 0.0000
0.8858 0.4598 -1.4640 0.0000
0.9865 1.7599 -1.1637 0.0000
-0.9780 1.0424 0.7912 0.0000
0.5946 0.0940 1.8040 0.0000
0.9912 0.7652 -1.1327 0.0000
-0.9781 1.2269 0.7918 0.0000
0.5747 0.8502 -0.1817 0.0000
0.3827 0.5971 1.9239 0.0000
0.1934 0.6563 1.9811 0.0000
-0.6577 0.6056 0.2467 0.0000
0.9997 0.9513 -1.0256 0.0000
0.4473 1.9949 1.8944 0.0000
0.5269 1.8408 -1.8499 0.0000
-0.1691 1.0784 -1.9856 0.0000
0.9984 1.7768 -1.0561 0.0000
0.7097 0.3237 -1.7045 0.0000
-0.6263 1.2600 1.7796 0.0000
0.5857 1.6290 1.8105 0.0000
-0.9992 0.5251 1.0396 0.0000
0.3780 1.1202 1.9258 0.0000
-0.7083 1.0360 0.2941 0.0000
0.6292 0.2146 -1.7772 0.0000
-0.8812 1.9446 1.4727 0.0000
-0.2106 0.7401 -1.9776 0.0000
-0.4288 1.1357 0.0966 0.0000
0.0449 0.0463 1.9990 0.0000
0.9737 1.0397 -0.7722 0.0000
-0.5475 0.8865 0.1632 0.0000
-0.9996 1.7548 1.0292 0.0000
0.1538 0.1352 -0.0119 0.0000
-0.9965 1.7648 -1.0840 0.0000
0.6944 0.3852 -1.7195 0.0000
-0.9306 1.6865 1.3662 0.0000
-0.7751 1.5284 -1.6318 0.0000
-0.1642 1.2066 1.9864 0.0000
-0.7616 0.7161 0.3519 0.0000
-0.9323 0.9090 0.6384 0.0000
-0.9909 1.3411 -1.1344 0.0000
0.9991 0.7527 1.0426 0.0000
0.9866 0.1295 -0.8367 0.0000
0.0815 1.4119 -0.0033 0.0000
0.1010 1.4210 1.9949 0.0000
0.9724 0.5691 -0.7667 0.0000
0.2378 0.4319 -1.9713 0.0000
0.5854 1.7981 -1.8108 0.0000
0.7441 0.7002 1.6681 0.0000
0.3526 0.1457 -1.9358 0.0000
-0.9930 1.7333 0.8818 0.0000
-0.1806 0.4734 -1.9836 0.0000
0.5524 0.7859 -0.1664 0.0000
0.7294 1.1300 1.6841 0.0000
0.7412 0.9440 -1.6713 0.0000
0.5641 0.4382 -0.1743 0.0000
-0.4420 0.4747 0.1030 0.0000
0.9649 1.0089 -0.7373 0.0000
-0.5060 0.2578 0.1375 0.0000
0.9401 1.8007 1.3410 0.0000
-0.6802 0.5256 -1.7330 0.0000
-0.9093 0.2978 1.4160 0.0000
-0.8733 0.3659 1.4872 0.0000
0.8922 0.3912 1.4517 0.0000
0.8879 1.8259 -1.4601 0.0000
-0.6574 0.8604 -1.7535 0.0000
-0.3421 1.5105 0.0603 0.0000
0.1801 1.6503 -1.9837 0.0000
-0.9991 0.1815 1.0426 0.0000
-0.8849 1.2351 0.5343 0.0000
-0.9241 1.6427 1.3822 0.0000
-0.9352 0.4591 1.3540 0.0000
0.5460 1.8666 -0.1622 0.0000
-0.9976 1.0704 1.0696 0.0000
0.8138 1.0352 1.5811 0.0000
0.9754 1.9882 -1.2206 0.0000
-0.9730 0.3624 1.2307 0.0000
-0.8496 1.8602 0.4725 0.0000
-0.1839 0.5039 1.9829 0.0000
0.8937 1.1208 1.4486 0.0000
0.9932 0.1532 -0.8836 0.0000
-0.6622 0.7193 0.2506 0.0000
-0.8038 0.4938 -1.5950 0.0000
0.9841 1.5528 1.1774 0.0000
0.0794 1.9787 -1.9968 0.0000
0.9848 0.3027 1.1738 0.0000
-0.0593 0.1222 1.9982 0.0000
0.9915 1.3227 1.1300 0.0000
0.0883 1.9570 -0.0039 0.0000
-0.9816 1.9265 0.8092 0.0000
-0.9900 1.7254 1.1408 0.0000
-0.9710 1.4592 -1.2390 0.0000
0.6710 1.1586 -0.2586 0.0000
-0.7686 0.0312 -1.6398 0.0000
-0.5006 1.8670 -1.8657 0.0000
-0.9983 1.1393 0.9413 0.0000
0.9924 0.9384 -0.8767 0.0000
-0.2644 0.0397 1.9644 0.0000
-0.9544 0.3484 0.7015 0.0000
0.9855 0.6877 -1.1699 0.0000
0.6041 1.9254 -0.2031 0.0000
0.6962 1.2773 1.7178 0.0000
0.7409 1.4039 1.6717 0.0000
0.5542 0.7634 -1.8324 0.0000
0.9479 1.4783 -1.3185 0.0000
0.9855 0.4165 -0.8303 0.0000
-0.4885 0.5635 1.8726 0.0000
0.4499 1.0738 -1.8931 0.0000
0.6632 0.3446 -0.2516 0.0000
0.1832 1.7599 1.9831 0.0000
0.0047 0.4961 2.0000 0.0000
0.9080 0.9691 -0.5811 0.0000
-0.9791 1.8668 -1.2033 0.0000
0.7251 0.7345 -0.3114 0.0000
-0.9360 1.1495 1.3520 0.0000
0.8934 1.3741 -1.4492 0.0000
-0.3377 0.8704 1.9413 0.0000
0.9717 0.5155 -0.7638 0.0000
-0.7253 1.0432 0.3115 0.0000
0.9582 1.5989 1.2862 0.0000
0.1539 0.8209 -0.0119 0.0000
0.0707 1.3761 -0.0025 0.0000
-0.6748 0.5053 -1.7380 0.0000
0.9145 0.7797 -1.4046 0.0000
-0.9616 1.8835 1.2745 0.0000
0.9795 0.1347 -0.7986 0.0000
-0.7071 1.8286 1.7071 0.0000
0.9931 0.1047 -0.8823 0.0000
0.8169 1.6232 -0.4233 0.0000
0.8815 0.7545 -0.5278 0.0000
0.0522 1.4024 1.9986 0.0000
0.9152 0.4619 -1.4031 0.0000
0.3481 0.3546 -0.0625 0.0000
0.7565 0.1793 -1.6540 0.0000
0.9127 0.0156 1.4087 0.0000
0.8108 0.7475 -1.5853 0.0000
-0.8921 0.0835 -1.4518 0.0000
0.7224 0.5647 -0.3085 0.0000
0.2473 1.7505 1.9689 0.0000
-0.7528 1.4010 -1.6582 0.0000
0.5012 0.8379 -0.1347 0.0000
-0.8643 0.0429 1.5029 0.0000
0.9132 0.0977 -0.5926 0.0000
-0.2386 1.9853 -1.9711 0.0000
0.5228 0.8792 1.8525 0.0000
0.5331 1.1870 -0.1540 0.0000
0.9493 1.4793 -0.6856 0.0000
-0.7672 1.2260 -1.6414 0.0000
0.9359 1.5038 1.3522 0.0000
0.0700 1.1215 -0.0025 0.0000
0.8129 0.9881 -1.5824 0.0000
0.9978 0.9068 -0.9343 0.0000
-0.2616 1.7763 -1.9652 0.0000
0.9954 1.9696 -0.9037 0.0000
0.9460 0.7644 -0.6758 0.0000
0.8603 0.4130 -0.4902 0.0000
0.0187 1.8527 1.9998 0.0000
-0.1998 0.5747 -1.9798 0.0000
0.1489 1.4373 -0.0111 0.0000
0.9798 0.4721 1.1999 0.0000
0.1210 1.1908 -1.9927 0.0000
0.9788 0.6340 -1.2047 0.0000
0.9962 0.0852 -0.9128 0.0000
0.8833 0.0430 1.4687 0.0000
0.9339 0.6032 -1.3574 0.0000
-0.9990 0.9266 0.9559 0.0000
0.1768 0.8805 -1.9842 0.0000
0.0998 0.8818 1.9950 0.0000
-0.9998 1.0063 0.9802 0.0000
0.5639 0.2617 1.8259 0.0000
0.9851 1.3010 1.1721 0.0000
-0.9958 1.5393 1.0919 0.0000
0.9528 0.8820 -1.3034 0.0000
-0.6861 0.9294 0.2725 0.0000
-0.9449 0.2490 1.3274 0.0000
-0.8249 0.0653 -1.5653 0.0000
0.8442 0.4919 -1.5361 0.0000
-0.9645 0.8625 -1.2642 0.0000
0.9607 0.6059 2.3876 1.0000
1.4245 0.3880 1.1189 1.0000
-0.4211 1.9367 3.8893 1.0000
0.6019 0.1589 2.4948 1.0000
-0.0327 1.5710 0.6537 1.0000
-0.0592 1.8946 0.6709 1.0000
0.8776 1.4361 4.4260 1.0000
0.1268 1.1489 4.4278 1.0000
1.3846 0.7379 3.9663 1.0000
-0.0294 0.5911 2.6516 1.0000
1.4606 0.1342 3.7779 1.0000
0.1043 0.7577 2.5816 1.0000
1.4864 1.0058 1.6644 1.0000
-0.3693 0.4976 3.9942 1.0000
1.4959 1.9392 1.4098 1.0000
1.2555 1.9971 2.1552 1.0000
1.4746 0.5790 3.7241 1.0000
1.0267 1.2005 2.3501 1.0000
-0.2660 1.7656 4.1428 1.0000
-0.2175 1.1674 2.8034 1.0000
-0.3918 0.7037 3.9524 1.0000
1.4690 1.6917 1.2531 1.0000
-0.0322 1.0575 2.6534 1.0000
0.5922 1.2385 4.4957 1.0000
0.9085 1.5139 2.4128 1.0000
0.9792 0.5766 0.6223 1.0000
-0.4679 1.3724 3.7515 1.0000
0.0022 0.5331 4.3673 1.0000
-0.3703 1.3049 3.0075 1.0000
-0.3256 0.5132 0.9357 1.0000
-0.4745 1.5925 1.2757 1.0000
1.4985 0.6946 1.4461 1.0000
-0.1092 1.9209 0.7070 1.0000
0.3832 0.3468 0.5068 1.0000
-0.4127 1.4287 3.0914 1.0000
1.1455 1.7099 4.2638 1.0000
1.4922 1.7425 1.6246 1.0000
1.0185 1.0401 2.3551 1.0000
-0.4648 1.0987 3.2371 1.0000
-0.0229 0.5884 4.3524 1.0000
-0.2714 1.7133 2.8636 1.0000
0.2114 1.5246 2.5425 1.0000
-0.3230 1.0267 4.0680 1.0000
-0.4243 1.0060 3.8816 1.0000
0.1117 1.8389 2.5785 1.0000
0.2464 1.1218 0.5327 1.0000
1.2263 0.1877 2.1874 1.0000
-0.3917 0.2163 3.9527 1.0000
-0.3670 1.5332 3.9984 1.0000
0.0852 1.0517 2.5901 1.0000
0.1429 1.1127 4.4341 1.0000
0.1787 0.8658 4.4470 1.0000
0.6319 0.0454 2.4913 1.0000
1.1807 1.6065 4.2326 1.0000
0.3459 0.7631 2.5119 1.0000
-0.4633 0.9284 3.2315 1.0000
1.4262 0.8814 1.1230 1.0000
1.2285 0.2674 0.8149 1.0000
1.4736 1.9264 1.2718 1.0000
1.4776 1.9188 1.2894 1.0000
-0.4288 0.0195 3.1295 1.0000
1.4999 0.1091 1.4862 1.0000
-0.4981 0.7724 3.4386 1.0000
1.1335 1.9636 2.2737 1.0000
-0.4975 0.9636 3.5709 1.0000
0.0057 1.8453 2.6307 1.0000
1.3365 0.6834 4.0479 1.0000
-0.1566 0.9907 4.2542 1.0000
-0.4644 1.6576 1.2355 1.0000
-0.0666 1.3172 4.3240 1.0000
1.4728 0.6131 1.2683 1.0000
1.4884 0.9133 1.6520 1.0000
1.3578 1.2482 0.9861 1.0000
0.2674 0.8018 2.5274 1.0000
1.2901 0.3965 2.1129 1.0000
1.3073 0.4495 4.0901 1.0000
1.2751 1.4812 4.1318 1.0000
0.2002 0.4209 4.4540 1.0000
0.6391 0.3710 4.4903 1.0000
1.0870 0.5745 4.3096 1.0000
0.8450 1.9781 4.4386 1.0000
0.9813 1.9829 2.3766 1.0000
0.3020 0.9596 4.4802 1.0000
-0.3998 0.4360 1.0637 1.0000
1.4901 0.8868 1.3596 1.0000
0.8770 1.7659 2.4262 1.0000
1.4280 1.1593 1.1274 1.0000
-0.2933 1.8012 4.1088 1.0000
-0.2709 1.7607 0.8630 1.0000
0.4448 1.6283 0.5015 1.0000
1.3461 1.7679 0.9669 1.0000
0.3148 1.0258 2.5173 1.0000
0.4174 0.3376 0.5034 1.0000
1.2412 1.5590 0.8287 1.0000
1.4982 1.9847 1.5597 1.0000
-0.1889 1.3246 0.7752 1.0000
1.4520 0.4943 1.8060 1.0000
-0.4531 1.8562 3.1975 1.0000
0.9777 1.8474 2.3785 1.0000
0.2236 1.8482 4.4610 1.0000
0.2628 1.3260 4.4715 1.0000
1.3493 1.8766 0.9721 1.0000
0.9405 0.4655 0.6022 1.0000
-0.4656 1.1500 1.2401 1.0000
0.3345 1.9868 0.5138 1.0000
0.8994 1.9898 2.4168 1.0000
1.1628 1.6020 4.2488 1.0000
0.3953 1.1740 2.5055 1.0000
-0.2781 1.2553 0.8718 1.0000
0.9176 0.7846 0.5914 1.0000
0.3600 0.4454 2.5099 1.0000
0.0909 1.7930 2.5875 1.0000
0.0350 1.1702 4.3853 1.0000
0.4008 0.7177 4.4951 1.0000
1.2688 0.6546 4.1395 1.0000
-0.0283 0.3449 0.6510 1.0000
1.4690 0.3701 1.7471 1.0000
0.7182 1.3353 4.4759 1.0000
-0.2238 0.5727 2.8100 1.0000
1.3948 0.6337 3.9465 1.0000
0.1083 1.6902 4.4201 1.0000
1.3233 0.1872 0.9324 1.0000
1.4893 1.8983 1.6460 1.0000
0.3032 0.8300 2.5196 1.0000
-0.3516 1.6549 4.0243 1.0000
1.4907 1.6478 1.6357 1.0000
-0.4169 1.3650 1.1010 1.0000
-0.0710 0.1056 2.6790 1.0000
1.2894 1.3094 4.1139 1.0000
1.3556 0.8931 4.0177 1.0000
1.2102 0.6209 4.2040 1.0000
-0.4288 1.0378 1.1293 1.0000
0.8748 1.3291 2.4271 1.0000
0.4611 0.7802 0.5008 1.0000
0.4683 0.8177 4.4995 1.0000
-0.2726 0.4308 4.1349 1.0000
1.4717 0.3330 1.2637 1.0000
-0.0535 1.2455 0.6672 1.0000
-0.4976 1.9494 3.4307 1.0000
1.3199 0.1962 4.0725 1.0000
0.2139 1.3139 0.5418 1.0000
-0.4210 1.1994 3.8896 1.0000
1.2640 1.4953 0.8547 1.0000
0.5813 0.6383 4.4967 1.0000
1.4646 0.5232 1.2365 1.0000
0.4239 0.5742 0.5029 1.0000
1.3419 1.6756 0.9603 1.0000
-0.4706 1.6976 3.2595 1.0000
1.3442 1.6255 0.9640 1.0000
0.7536 0.5572 4.4673 1.0000
-0.4831 0.7557 3.6829 1.0000
-0.1874 0.5805 2.7737 1.0000
0.0981 1.3727 0.5843 1.0000
0.6215 0.4702 4.4926 1.0000
0.0732 1.4861 0.5957 1.0000
0.8183 1.5859 0.5520 1.0000
-0.4645 1.0667 1.2357 1.0000
-0.4480 0.3490 3.1817 1.0000
0.1471 0.5251 4.4356 1.0000
-0.1416 1.1344 4.2671 1.0000
0.5515 1.4703 0.5013 1.0000
-0.4468 0.4017 1.1781 1.0000
1.4545 1.2964 1.2017 1.0000
0.3358 1.8172 2.5136 1.0000
-0.4064 1.4645 3.9225 1.0000
0.4967 1.7768 0.5000 1.0000
0.1420 1.9176 0.5663 1.0000
1.1461 0.5490 4.2632 1.0000
0.0520 0.4161 4.3941 1.0000
0.5148 1.8012 0.5001 1.0000
0.3594 0.7790 0.5099 1.0000
-0.4845 0.2158 3.6751 1.0000
-0.3731 1.2470 3.9876 1.0000
-0.1068 0.9571 2.7052 1.0000
0.8633 0.3841 2.4317 1.0000
1.1211 1.8324 4.2838 1.0000
0.4663 0.9596 0.5006 1.0000
0.8216 1.9824 2.4469 1.0000
1.0228 0.5626 0.6475 1.0000
-0.0686 0.1193 4.3226 1.0000
-0.4470 1.8153 1.1787 1.0000
1.2002 0.5925 0.7861 1.0000
-0.4958 1.8476 3.4081 1.0000
-0.3846 0.9692 1.0337 1.0000
1.4496 1.3867 1.1864 1.0000
0.4319 0.2325 0.5023 1.0000
1.4095 0.5292 3.9158 1.0000
1.3656 1.3578 4.0007 1.0000
1.2538 1.9046 0.8429 1.0000
-0.4638 1.6400 3.7667 1.0000
0.6575 1.8091 2.4875 1.0000
0.5979 1.5494 4.4952 1.0000
-0.4785 1.9440 1.2937 1.0000
0.5259 0.4761 2.4997 1.0000
0.5408 0.2448 0.5008 1.0000
1.2663 0.4810 4.1425 1.0000
0.3026 1.1602 2.5197 1.0000
1.3326 0.7414 4.0538 1.0000
0.0384 0.0703 0.6129 1.0000
0.0112 0.2494 2.6276 1.0000
1.2985 0.5624 4.1021 1.0000
1.2512 0.6708 4.1601 1.0000
0.8575 0.6351 2.4339 1.0000
1.2569 1.1310 4.1535 1.0000
0.3395 1.3109 4.4870 1.0000
-0.0645 1.6896 2.6746 1.0000
0.4791 0.7598 2.5002 1.0000
1.2070 1.8760 2.2072 1.0000
1.4069 0.7621 1.9214 1.0000
-0.4316 0.8467 3.1365 1.0000
1.3997 0.8285 1.9365 1.0000
0.5887 1.5293 4.4961 1.0000
-0.3551 1.4756 4.0184 1.0000
0.8205 0.8447 0.5527 1.0000
0.6276 0.6853 4.4918 1.0000
-0.0090 0.1649 4.3608 1.0000
-0.1588 0.5076 4.2523 1.0000
0.3081 0.1511 2.5186 1.0000
1.5000 0.6652 3.5070 1.0000
1.4595 0.3788 3.7818 1.0000
0.1455 1.2916 2.5650 1.0000
0.5391 1.4925 4.4992 1.0000
1.4927 0.9770 1.3793 1.0000
0.8517 0.9651 0.5639 1.0000
1.1718 0.6891 2.2407 1.0000
1.4651 1.9183 1.2383 1.0000
-0.3561 1.9867 2.9832 1.0000
1.4063 1.2846 3.9226 1.0000
-0.0404 1.6924 2.6586 1.0000
-0.4344 0.7513 3.1438 1.0000
1.2921 1.1757 2.1104 1.0000
0.8011 0.7387 4.4536 1.0000
-0.0441 1.8981 4.3390 1.0000
0.6739 1.2155 0.5152 1.0000
-0.2959 1.7882 4.1055 1.0000
-0.2481 1.2360 2.8364 1.0000
-0.3234 0.1695 0.9325 1.0000
-0.3553 0.6166 4.0181 1.0000
0.7001 1.1862 4.4798 1.0000
1.4450 1.8312 1.1729 1.0000
1.0908 1.3135 2.3068 1.0000
1.3683 0.7086 1.9961 1.0000
1.4226 1.3157 3.8859 1.0000
-0.2031 1.2652 2.7889 1.0000
1.4992 1.9441 3.5402 1.0000
-0.1836 1.2147 4.2298 1.0000
1.4319 0.0161 1.1372 1.0000
1.3365 1.9742 4.0480 1.0000
-0.4344 0.2914 3.8562 1.0000
-0.4937 0.7221 1.3882 1.0000
-0.4634 1.9293 1.2321 1.0000
0.3297 1.3447 2.5146 1.0000
1.2957 1.3648 0.8944 1.0000
1.4491 0.8679 1.8151 1.0000
0.1823 0.8014 2.5518 1.0000
0.2782 0.6064 0.5249 1.0000
0.4449 1.5225 4.4985 1.0000
0.5462 0.7283 0.5011 1.0000
1.4224 0.2481 3.8862 1.0000
0.1884 0.4063 0.5498 1.0000
1.4961 0.2878 1.4122 1.0000
0.0120 1.7953 2.6271 1.0000
1.4989 0.5359 1.4538 1.0000
0.1351 0.4624 2.5690 1.0000
0.9817 1.3102 0.6237 1.0000
0.9808 0.6016 4.3768 1.0000
0.5768 1.6077 2.4970 1.0000
0.1481 1.3737 0.5640 1.0000
-0.2757 1.1789 0.8689 1.0000
0.0155 0.9528 4.3748 1.0000
-0.2199 0.7529 4.1941 1.0000
-0.1180 0.8820 0.7138 1.0000
-0.4934 1.4140 3.3854 1.0000
1.3598 0.1180 4.0107 1.0000
1.3985 0.4630 1.0610 1.0000
-0.2219 1.3992 2.8080 1.0000
1.2978 1.4177 0.8971 1.0000
0.2858 1.1445 2.5232 1.0000
0.5053 0.5230 2.5000 1.0000
-0.2011 0.4510 2.7870 1.0000
-0.4196 1.0669 3.8929 1.0000
-0.0932 0.5273 0.6949 1.0000
1.4998 1.4789 1.4800 1.0000
0.9072 1.5354 0.5867 1.0000
-0.0548 1.4387 0.6680 1.0000
-0.2084 1.2583 4.2058 1.0000
-0.2278 1.7867 0.8142 1.0000
0.2276 1.1052 0.5378 1.0000
0.5573 0.5641 2.4984 1.0000
1.0972 0.4755 2.3021 1.0000
0.9685 0.2002 4.3835 1.0000
1.1219 1.2355 0.7169 1.0000
0.4382 1.5304 4.4981 1.0000
0.8135 1.2205 2.4496 1.0000
0.8701 0.2648 4.4290 1.0000
1.2730 1.4023 4.1344 1.0000
1.3560 1.4783 2.0169 1.0000
0.4172 0.7378 2.5034 1.0000
1.4971 1.0947 1.4233 1.0000
0.8897 0.1542 0.5791 1.0000
-0.4867 1.1972 1.3376 1.0000
1.2021 0.0373 4.2121 1.0000
1.4447 0.6963 1.8280 1.0000
1.1635 1.6180 2.2482 1.0000
1.4886 1.2576 1.6505 1.0000
0.8958 0.7498 2.4183 1.0000
1.0147 1.8276 2.3574 1.0000
0.1741 1.2543 0.5546 1.0000
0.0630 1.8594 2.6005 1.0000
0.8237 0.9786 2.4462 1.0000
1.4739 1.3085 1.2730 1.0000
1.1649 1.2856 4.2470 1.0000
-0.0985 0.1036 2.6989 1.0000
1.0714 0.2794 4.3207 1.0000
0.7686 0.2485 4.4632 1.0000
1.4998 0.4164 3.5200 1.0000
0.1054 1.9748 4.4188 1.0000
0.0463 1.3435 4.3911 1.0000
0.6525 1.4421 2.4883 1.0000
1.1145 1.8426 2.2890 1.0000
0.5882 0.3635 0.5039 1.0000
0.3751 1.5066 2.5078 1.0000
-0.0208 1.0468 0.6463 1.0000
-0.3355 0.7583 2.9505 1.0000
1.2421 1.4920 0.8297 1.0000
0.9770 1.5977 2.3789 1.0000
1.4196 1.1914 1.8929 1.0000
-0.3292 1.3727 4.0590 1.0000
-0.3320 1.7028 0.9452 1.0000
1.0648 0.7230 0.6748 1.0000
0.6973 1.6716 4.4803 1.0000
0.8455 0.9546 2.4384 1.0000
-0.4992 1.8293 1.4603 1.0000
1.3950 1.4352 3.9460 1.0000
-0.4589 1.2296 3.7836 1.0000
1.2656 1.9593 0.8567 1.0000
1.4320 1.0220 3.8625 1.0000
1.2289 0.4297 0.8154 1.0000
1.1381 1.0553 2.2700 1.0000
1.3179 0.7475 0.9247 1.0000
0.9610 1.9387 2.3874 1.0000
-0.3413 0.3563 0.9594 1.0000
-0.4924 1.2459 3.3771 1.0000
1.1456 1.1189 2.2636 1.0000
1.3876 0.2471 3.9605 1.0000
0.9826 1.3931 2.3759 1.0000
-0.1887 1.1596 2.7750 1.0000
-0.4874 0.8698 1.3420 1.0000
-0.3715 1.9057 1.0095 1.0000
0.7644 0.2180 4.4644 1.0000
1.4241 1.2617 3.8822 1.0000
0.9200 0.5832 4.4075 1.0000
0.2567 0.9941 4.4699 1.0000
1.3468 0.7357 0.9681 1.0000
0.9027 1.3725 2.4153 1.0000
0.8233 1.7825 2.4463 1.0000
0.1720 0.1578 2.5553 1.0000
1.4980 0.9576 3.5630 1.0000
-0.3487 1.4696 2.9710 1.0000
-0.4999 0.5779 1.4900 1.0000
0.6226 0.6723 0.5075 1.0000
1.1340 1.8891 2.2733 1.0000
0.2229 0.2210 4.4608 1.0000
-0.2320 1.1739 0.8187 1.0000
-0.1555 1.4020 2.7448 1.0000
1.4021 1.3259 1.9315 1.0000
0.1633 0.1318 4.4416 1.0000
-0.4988 1.9173 3.5496 1.0000
-0.4940 0.0461 3.3907 1.0000
-0.3371 0.0642 2.9529 1.0000
1.4781 1.1111 3.7080 1.0000
1.4982 0.1505 1.5595 1.0000
0.4687 0.6421 4.4995 1.0000
1.3269 1.5846 2.0623 1.0000
1.4031 1.1197 1.9294 1.0000
1.4570 1.1612 1.2098 1.0000
-0.4248 1.8345 3.8804 1.0000
-0.4252 0.2094 3.8795 1.0000
1.1693 1.9769 0.7570 1.0000
-0.3691 1.2832 3.0054 1.0000
0.6335 1.3755 4.4911 1.0000
-0.1272 0.0319 0.7211 1.0000
1.4924 1.7423 3.6230 1.0000
0.0198 0.7885 0.6229 1.0000
-0.4260 0.7960 3.8775 1.0000
-0.3974 1.2725 3.0587 1.0000
-0.4794 0.7948 1.2979 1.0000
-0.0620 1.8803 2.6729 1.0000
1.3943 1.8334 1.0526 1.0000
-0.2351 0.7460 2.8220 1.0000
-0.1859 0.4521 0.7723 1.0000
1.3786 0.8133 1.0225 1.0000
0.3190 1.9856 2.5165 1.0000
1.2012 0.6098 4.2130 1.0000
-0.4595 0.9916 3.2183 1.0000
0.4116 0.3970 2.5039 1.0000
-0.3933 0.9656 3.9495 1.0000
0.8207 1.9051 2.4472 1.0000
0.1059 0.8034 4.4191 1.0000
0.4466 0.0257 2.5014 1.0000
0.7609 1.2340 2.4654 1.0000
1.4980 1.5689 1.4370 1.0000
1.2373 0.6923 0.8244 1.0000
1.3272 0.2053 0.9381 1.0000
-0.1558 0.7225 2.7450 1.0000
0.0967 1.5762 2.5849 1.0000
0.1304 0.9391 0.5708 1.0000
-0.4617 0.0403 3.2259 1.0000
1.2822 1.3972 0.8770 1.0000
-0.4984 0.5312 1.4441 1.0000
-0.2592 1.0984 0.8492 1.0000
0.9476 0.8515 2.3942 1.0000
-0.4648 0.3927 3.7629 1.0000
1.4139 0.7897 1.9060 1.0000
1.4862 0.5349 1.3346 1.0000
0.7514 1.0767 2.4679 1.0000
-0.4971 0.2995 3.4233 1.0000
0.0922 1.9953 2.5869 1.0000
1.2173 1.6579 4.1968 1.0000
-0.4225 1.4570 3.8860 1.0000
0.7037 0.5018 4.4790 1.0000
1.5000 1.9064 1.5018 1.0000
-0.4271 1.9469 1.1252 1.0000
0.5888 0.2352 4.4961 1.0000
1.4647 0.5040 3.7635 1.0000
1.2623 0.2655 0.8528 1.0000
-0.4808 0.5881 3.3049 1.0000
0.5562 1.5826 2.4984 1.0000
1.3390 1.9681 4.0441 1.0000
0.3956 1.0627 4.4945 1.0000
1.4633 0.8432 1.2315 1.0000
1.3369 1.4862 2.0474 1.0000
0.3119 1.7253 0.5179 1.0000
-0.4396 1.0222 1.1576 1.0000
-0.4695 0.9800 3.2548 1.0000
1.4058 0.8094 1.9237 1.0000
0.0266 0.8804 2.6191 1.0000
0.5527 0.8759 2.4986 1.0000
-0.3535 0.2315 2.9788 1.0000
-0.4774 1.8691 1.2886 1.0000
1.4189 1.0407 1.8945 1.0000
0.7314 1.3774 4.4728 1.0000
1.4575 0.9087 1.2114 1.0000
-0.4484 1.5611 1.1828 1.0000
-0.0478 0.4463 0.6634 1.0000
1.0199 1.6933 2.3543 1.0000
1.4904 1.9172 3.6382 1.0000
0.7589 0.2609 0.5341 1.0000
-0.3008 0.8747 0.9010 1.0000
1.3057 0.0819 0.9077 1.0000
-0.1207 1.5514 2.7159 1.0000
-0.4014 1.0461 3.0671 1.0000
1.2421 0.0645 0.8297 1.0000
1.0264 1.8125 4.3503 1.0000
0.9425 1.8482 0.6032 1.0000
0.4887 0.5605 2.5001 1.0000
1.2895 1.4806 4.1138 1.0000
0.5968 0.1477 0.5047 1.0000
-0.3524 1.3090 2.9772 1.0000
1.0350 0.6287 4.3448 1.0000
0.4328 0.0491 4.4977 1.0000
0.2565 0.6090 0.5301 1.0000
0.4428 1.0742 4.4984 1.0000
0.9463 0.0689 0.6051 1.0000
0.7719 1.7581 0.5377 1.0000
1.1856 0.8351 4.2280 1.0000
-0.0720 1.0233 2.6798 1.0000
0.9216 1.9339 0.5932 1.0000
0.4065 1.8585 2.5044 1.0000
0.1968 1.4375 0.5471 1.0000
-0.4059 1.4524 3.0766 1.0000
1.4354 1.6752 1.8536 1.0000
0.0726 1.2692 4.4041 1.0000
0.4160 1.2138 0.5035 1.0000
0.4433 1.7384 0.5016 1.0000
1.0814 0.2537 2.3136 1.0000
-0.4953 1.9624 3.5964 1.0000
-0.4910 0.5037 3.3662 1.0000
1.2786 0.4671 2.1276 1.0000
0.8528 1.2476 4.4357 1.0000
0.5985 1.1138 2.4951 1.0000
-0.4369 1.0926 3.8497 1.0000
-0.4970 1.7427 3.4224 1.0000
-0.4941 0.0115 3.6081 1.0000
0.4887 0.3040 0.5001 1.0000
0.4168 0.3879 4.4965 1.0000
-0.1113 1.1054 4.2914 1.0000
0.5207 0.7215 4.4998 1.0000
1.4899 1.2943 3.6418 1.0000
-0.1451 0.8379 2.7359 1.0000
0.4001 0.0512 0.5050 1.0000
-0.1085 1.5804 0.7065 1.0000
0.3812 1.0063 2.5071 1.0000
-0.1750 0.7848 2.7622 1.0000
0.1776 0.5610 0.5534 1.0000
0.7653 1.7361 2.4642 1.0000
0.9428 1.2513 2.3966 1.0000
1.4867 0.1979 1.6628 1.0000
1.2315 0.7932 4.1819 1.0000
0.4513 1.9800 0.5012 1.0000
1.0432 0.5061 4.3396 1.0000
0.7999 0.2408 2.4540 1.0000
-0.2666 0.1372 0.8578 1.0000
0.9431 0.1381 2.3965 1.0000
-0.4965 0.0774 3.4165 1.0000
1.3445 0.9348 0.9645 1.0000
-0.0955 1.8118 0.6966 1.0000
1.3892 1.8951 1.9576 1.0000
1.3645 1.8121 4.0027 1.0000
0.0844 0.7647 0.5904 1.0000
1.4857 1.3734 3.6686 1.0000
1.4941 0.1201 1.3911 1.0000
-0.0881 1.5422 0.6912 1.0000
0.5868 0.5513 4.4962 1.0000
0.7623 1.3136 2.4650 1.0000
1.4353 0.5780 1.1460 1.0000
0.4167 0.9763 4.4965 1.0000
-0.1744 0.9213 4.2384 1.0000
1.3096 1.2211 4.0870 1.0000
0.5722 0.6533 4.4974 1.0000
0.9414 0.3744 4.3973 1.0000
-0.4201 1.1280 3.8916 1.0000
1.2033 1.5411 0.7891 1.0000
1.4678 0.7673 1.2481 1.0000
1.1183 1.9190 0.7141 1.0000
1.4978 0.8875 1.5660 1.0000
0.8602 0.7774 0.5671 1.0000
0.6661 0.7772 4.4861 1.0000
0.9898 1.9242 2.3718 1.0000
1.4796 0.5904 3.7009 1.0000
0.4215 1.2429 2.5031 1.0000
0.4051 1.0589 0.5045 1.0000
0.2418 1.9645 2.5339 1.0000
-0.4374 0.0902 3.8483 1.0000
-0.3509 1.9607 4.0253 1.0000
-0.3433 0.7011 2.9625 1.0000
-0.1879 1.6090 0.7742 1.0000
-0.4708 0.4032 1.2601 1.0000
1.2178 1.4266 0.8038 1.0000
-0.4931 0.6642 1.3826 1.0000
1.1210 0.3793 0.7162 1.0000
-0.3949 0.3544 3.9464 1.0000
-0.0744 0.3471 2.6814 1.0000
1.3616 1.8214 0.9925 1.0000
1.4202 0.9147 1.1086 1.0000
1.4942 0.6302 1.3922 1.0000
0.3861 1.6262 2.5065 1.0000
0.7200 1.0733 4.4755 1.0000
-0.4285 1.3439 1.1287 1.0000
0.0172 0.5642 4.3757 1.0000
-0.4812 0.3881 1.3069 1.0000
0.8615 0.2851 4.4324 1.0000
-0.4829 0.6783 1.3157 1.0000
-0.4198 0.8181 3.1076 1.0000
0.7095 1.2830 0.5222 1.0000
1.4976 0.7769 3.5687 1.0000
0.0045 0.7662 2.6314 1.0000
-0.2000 0.3975 4.2141 1.0000
1.4657 0.7890 1.2404 1.0000
1.4994 1.1037 1.5343 1.0000
0.1487 0.2736 2.5637 1.0000
1.4299 1.5118 1.1321 1.0000
-0.4791 1.8326 1.2966 1.0000
1.1380 1.1379 4.2700 1.0000
1.0569 0.6185 2.3305 1.0000
1.4962 1.9424 1.4125 1.0000
1.4507 0.2471 1.8100 1.0000
-0.2839 0.3819 4.1209 1.0000
0.1177 1.5378 0.5760 1.0000
-0.1767 1.6189 4.2363 1.0000
0.3906 0.7472 0.5060 1.0000
0.2276 0.1897 2.5378 1.0000
0.7204 1.2774 4.4754 1.0000
0.5866 0.6869 0.5038 1.0000
1.2406 1.7049 4.1720 1.0000
0.8536 0.1289 0.5646 1.0000
1.3091 1.0700 2.0877 1.0000
0.1029 0.3360 0.5822 1.0000
0.7802 1.8936 0.5400 1.0000
-0.2980 1.9462 2.8973 1.0000
0.7923 1.1723 4.4563 1.0000
-0.3064 1.3871 4.0914 1.0000
1.4999 1.7598 3.5125 1.0000
1.4922 1.8058 1.6247 1.0000
1.1924 0.2354 4.2215 1.0000
0.3813 0.6644 4.4929 1.0000
-0.1728 1.5836 4.2398 1.0000
-0.2739 0.5489 2.8667 1.0000
1.4821 0.8494 1.3114 1.0000
0.0002 1.9661 2.6339 1.0000
0.5355 0.9488 2.4994 1.0000
1.1383 1.1508 4.2698 1.0000
-0.4990 0.4496 3.4544 1.0000
0.1319 0.2944 4.4298 1.0000
1.2757 1.8107 0.8689 1.0000
1.4862 1.5379 3.6656 1.0000
1.3916 0.2654 1.9529 1.0000
1.4570 1.8628 1.2100 1.0000
0.5437 1.7919 2.4990 1.0000
1.4134 0.6570 3.9070 1.0000
-0.2144 1.7602 4.1998 1.0000
-0.1215 0.2682 4.2834 1.0000
-0.3151 0.4968 4.0794 1.0000
-0.2893 1.7602 4.1140 1.0000
-0.4671 1.0534 1.2457 1.0000
0.8871 0.8235 0.5780 1.0000
-0.0164 0.6015 0.6437 1.0000
1.4041 0.4347 1.0728 1.0000
-0.4921 0.3547 3.3747 1.0000
-0.3536 0.9027 0.9790 1.0000
0.3540 1.0005 2.5107 1.0000
0.3240 0.1713 4.4844 1.0000
1.3297 1.4682 0.9418 1.0000
-0.2663 0.1806 4.1425 1.0000
0.5992 0.2813 0.5049 1.0000
1.2676 1.7800 0.8591 1.0000
-0.4185 0.7497 3.8954 1.0000
0.1287 0.2596 2.5715 1.0000
1.3976 0.7848 1.0592 1.0000
1.4999 0.3400 1.4873 1.0000
0.7479 0.2392 2.4688 1.0000
0.0673 1.9656 4.4016 1.0000
-0.4965 0.1701 3.5842 1.0000
1.4651 1.4881 1.2380 1.0000
0.1056 0.9007 2.5811 1.0000
1.3858 0.4598 1.0360 1.0000
1.4865 1.7599 1.3363 1.0000
-0.4780 1.0424 3.2912 1.0000
1.0946 0.0940 4.3040 1.0000
1.4912 0.7652 1.3673 1.0000
-0.4781 1.2269 3.2918 1.0000
1.0747 0.8502 2.3183 1.0000
0.8827 0.5971 4.4239 1.0000
0.6934 0.6563 4.4811 1.0000
-0.1577 0.6056 2.7467 1.0000
1.4997 0.9513 1.4744 1.0000
0.9473 1.9949 4.3944 1.0000
1.0269 1.8408 0.6501 1.0000
0.3309 1.0784 0.5144 1.0000
1.4984 1.7768 1.4439 1.0000
1.2097 0.3237 0.7955 1.0000
-0.1263 1.2600 4.2796 1.0000
1.0857 1.6290 4.3105 1.0000
-0.4992 0.5251 3.5396 1.0000
0.8780 1.1202 4.4258 1.0000
-0.2083 1.0360 2.7941 1.0000
1.1292 0.2146 0.7228 1.0000
-0.3812 1.9446 3.9727 1.0000
0.2894 0.7401 0.5224 1.0000
0.0712 1.1357 2.5966 1.0000
0.5449 0.0463 4.4990 1.0000
1.4737 1.0397 1.7278 1.0000
-0.0475 0.8865 2.6632 1.0000
-0.4996 1.7548 3.5292 1.0000
0.6538 0.1352 2.4881 1.0000
-0.4965 1.7648 1.4160 1.0000
1.1944 0.3852 0.7805 1.0000
-0.4306 1.6865 3.8662 1.0000
-0.2751 1.5284 0.8682 1.0000
0.3358 1.2066 4.4864 1.0000
-0.2616 0.7161 2.8519 1.0000
-0.4323 0.9090 3.1384 1.0000
-0.4909 1.3411 1.3656 1.0000
1.4991 0.7527 3.5426 1.0000
1.4866 0.1295 1.6633 1.0000
0.5815 1.4119 2.4967 1.0000
0.6010 1.4210 4.4949 1.0000
1.4724 0.5691 1.7333 1.0000
0.7378 0.4319 0.5287 1.0000
1.0854 1.7981 0.6892 1.0000
1.2441 0.7002 4.1681 1.0000
0.8526 0.1457 0.5642 1.0000
-0.4930 1.7333 3.3818 1.0000
0.3194 0.4734 0.5164 1.0000
1.0524 0.7859 2.3336 1.0000
1.2294 1.1300 4.1841 1.0000
1.2412 0.9440 0.8287 1.0000
1.0641 0.4382 2.3257 1.0000
0.0580 0.4747 2.6030 1.0000
1.4649 1.0089 1.7627 1.0000
-0.0060 0.2578 2.6375 1.0000
1.4401 1.8007 3.8410 1.0000
-0.1802 0.5256 0.7670 1.0000
-0.4093 0.2978 3.9160 1.0000
-0.3733 0.3659 3.9872 1.0000
1.3922 0.3912 3.9517 1.0000
1.3879 1.8259 1.0399 1.0000
-0.1574 0.8604 0.7465 1.0000
0.1579 1.5105 2.5603 1.0000
0.6801 1.6503 0.5163 1.0000
-0.4991 0.1815 3.5426 1.0000
-0.3849 1.2351 3.0343 1.0000
-0.4241 1.6427 3.8822 1.0000
-0.4352 0.4591 3.8540 1.0000
1.0460 1.8666 2.3378 1.0000
-0.4976 1.0704 3.5696 1.0000
1.3138 1.0352 4.0811 1.0000
1.4754 1.9882 1.2794 1.0000
-0.4730 0.3624 3.7307 1.0000
-0.3496 1.8602 2.9725 1.0000
0.3161 0.5039 4.4829 1.0000
1.3937 1.1208 3.9486 1.0000
1.4932 0.1532 1.6164 1.0000
-0.1622 0.7193 2.7506 1.0000
-0.3038 0.4938 0.9050 1.0000
1.4841 1.5528 3.6774 1.0000
0.5794 1.9787 0.5032 1.0000
1.4848 0.3027 3.6738 1.0000
0.4407 0.1222 4.4982 1.0000
1.4915 1.3227 3.6300 1.0000
0.5883 1.9570 2.4961 1.0000
-0.4816 1.9265 3.3092 1.0000
-0.4900 1.7254 3.6408 1.0000
-0.4710 1.4592 1.2610 1.0000
1.1710 1.1586 2.2414 1.0000
-0.2686 0.0312 0.8602 1.0000
-0.0006 1.8670 0.6343 1.0000
-0.4983 1.1393 3.4413 1.0000
1.4924 0.9384 1.6233 1.0000
0.2356 0.0397 4.4644 1.0000
-0.4544 0.3484 3.2015 1.0000
1.4855 0.6877 1.3301 1.0000
1.1041 1.9254 2.2969 1.0000
1.1962 1.2773 4.2178 1.0000
1.2409 1.4039 4.1717 1.0000
1.0542 0.7634 0.6676 1.0000
1.4479 1.4783 1.1815 1.0000
1.4855 0.4165 1.6697 1.0000
0.0115 0.5635 4.3726 1.0000
0.9499 1.0738 0.6069 1.0000
1.1632 0.3446 2.2484 1.0000
0.6832 1.7599 4.4831 1.0000
0.5047 0.4961 4.5000 1.0000
1.4080 0.9691 1.9189 1.0000
-0.4791 1.8668 1.2967 1.0000
1.2251 0.7345 2.1886 1.0000
-0.4360 1.1495 3.8520 1.0000
1.3934 1.3741 1.0508 1.0000
0.1623 0.8704 4.4413 1.0000
1.4717 0.5155 1.7362 1.0000
-0.2253 1.0432 2.8115 1.0000
1.4582 1.5989 3.7862 1.0000
0.6539 0.8209 2.4881 1.0000
0.5707 1.3761 2.4975 1.0000
-0.1748 0.5053 0.7620 1.0000
1.4145 0.7797 1.0954 1.0000
-0.4616 1.8835 3.7745 1.0000
1.4795 0.1347 1.7014 1.0000
-0.2071 1.8286 4.2071 1.0000
1.4931 0.1047 1.6177 1.0000
1.3169 1.6232 2.0767 1.0000
1.3815 0.7545 1.9722 1.0000
0.5522 1.4024 4.4986 1.0000
1.4152 0.4619 1.0969 1.0000
0.8481 0.3546 2.4375 1.0000
1.2565 0.1793 0.8460 1.0000
1.4127 0.0156 3.9087 1.0000
1.3108 0.7475 0.9147 1.0000
-0.3921 0.0835 1.0482 1.0000
1.2224 0.5647 2.1915 1.0000
0.7473 1.7505 4.4689 1.0000
-0.2528 1.4010 0.8418 1.0000
1.0012 0.8379 2.3653 1.0000
-0.3643 0.0429 4.0029 1.0000
1.4132 0.0977 1.9074 1.0000
0.2614 1.9853 0.5289 1.0000
1.0228 0.8792 4.3525 1.0000
1.0331 1.1870 2.3460 1.0000
1.4493 1.4793 1.8144 1.0000
-0.2672 1.2260 0.8586 1.0000
1.4359 1.5038 3.8522 1.0000
0.5700 1.1215 2.4975 1.0000
1.3129 0.9881 0.9176 1.0000
1.4978 0.9068 1.5657 1.0000
0.2384 1.7763 0.5348 1.0000
1.4954 1.9696 1.5963 1.0000
1.4460 0.7644 1.8242 1.0000
1.3603 0.4130 2.0098 1.0000
0.5187 1.8527 4.4998 1.0000
0.3002 0.5747 0.5202 1.0000
0.6489 1.4373 2.4889 1.0000
1.4798 0.4721 3.6999 1.0000
0.6210 1.1908 0.5073 1.0000
1.4788 0.6340 1.2953 1.0000
1.4962 0.0852 1.5872 1.0000
1.3833 0.0430 3.9687 1.0000
1.4339 0.6032 1.1426 1.0000
-0.4990 0.9266 3.4559 1.0000
0.6768 0.8805 0.5158 1.0000
0.5998 0.8818 4.4950 1.0000
-0.4998 1.0063 3.4802 1.0000
1.0639 0.2617 4.3259 1.0000
1.4851 1.3010 3.6721 1.0000
-0.4958 1.5393 3.5919 1.0000
1.4528 0.8820 1.1966 1.0000
-0.1861 0.9294 2.7725 1.0000
-0.4449 0.2490 3.8274 1.0000
-0.3249 0.0653 0.9347 1.0000
1.3442 0.4919 0.9639 1.0000
-0.4645 0.8625 1.2358 1.0000
