-1.570796326794896558e+00 1.923670693721789773e-16 0.000000000000000000e+00
-1.580480178068039310e+00 -3.161381884961620564e-02 0.000000000000000000e+00
-1.589523859409352591e+00 -6.361488593507105826e-02 0.000000000000000000e+00
-1.597915757732957243e+00 -9.599016131220018677e-02 0.000000000000000000e+00
-1.605644527055144710e+00 -1.287262955024815747e-01 0.000000000000000000e+00
-1.612699096228246365e+00 -1.618096349925634836e-01 0.000000000000000000e+00
-1.619068676560737163e+00 -1.952262279192789329e-01 0.000000000000000000e+00
-1.624742769319244218e+00 -2.289618299377823851e-01 0.000000000000000000e+00
-1.629711173108189470e+00 -2.630019102703476386e-01 0.000000000000000000e+00
-1.633963991122838744e+00 -2.973316579332661025e-01 0.000000000000000000e+00
-1.637491638271591166e+00 -3.319359881391886202e-01 0.000000000000000000e+00
-1.640284848163390485e+00 -3.667995488721600417e-01 0.000000000000000000e+00
-1.642334679956205301e+00 -4.019067276324988502e-01 0.000000000000000000e+00
-1.643632525062580507e+00 -4.372416583485816410e-01 0.000000000000000000e+00
-1.644170113708326220e+00 -4.727882284525073975e-01 0.000000000000000000e+00
-1.643939521340475496e+00 -5.085300861165013009e-01 0.000000000000000000e+00
-1.642933174880706559e+00 -5.444506476468803369e-01 0.000000000000000000e+00
-1.641143858820496515e+00 -5.805331050322404263e-01 0.000000000000000000e+00
-1.638564721154339265e+00 -6.167604336425155376e-01 0.000000000000000000e+00
-1.635189279147440500e+00 -6.531154000754182398e-01 0.000000000000000000e+00
-1.631011424934365239e+00 -6.895805701467155879e-01 0.000000000000000000e+00
-1.626025430945203354e+00 -7.261383170207050819e-01 0.000000000000000000e+00
-1.620225955155883968e+00 -7.627708294771750053e-01 0.000000000000000000e+00
-1.613608046159359155e+00 -7.994601203110555110e-01 0.000000000000000000e+00
-1.606167148054450822e+00 -8.361880348608927704e-01 0.000000000000000000e+00
-1.597899105149245713e+00 -8.729362596621974557e-01 0.000000000000000000e+00
-1.588800166476001863e+00 -9.096863312216548758e-01 0.000000000000000000e+00
-1.578866990114621949e+00 -9.464196449081021534e-01 0.000000000000000000e+00
-1.568096647321832959e+00 -9.831174639561178763e-01 0.000000000000000000e+00
-1.556486626463305267e+00 -1.019760928577996939e+00 0.000000000000000000e+00
-1.544034836746033479e+00 -1.056331065179817230e+00 0.000000000000000000e+00
-1.530739611748393125e+00 -1.092808795677246536e+00 0.000000000000000000e+00
-1.516599712745389406e+00 -1.129174946906667865e+00 0.000000000000000000e+00
-1.501614331826695237e+00 -1.165410260127153430e+00 0.000000000000000000e+00
-1.485783094805194438e+00 -1.201495400608744824e+00 0.000000000000000000e+00
-1.469106063913819593e+00 -1.237410967302460696e+00 0.000000000000000000e+00
-1.451583740288599156e+00 -1.273137502587377456e+00 0.000000000000000000e+00
-1.433217066235905390e+00 -1.308655502090106060e+00 0.000000000000000000e+00
-1.414007427282024443e+00 -1.343945424571894920e+00 0.000000000000000000e+00
-1.393956654003237539e+00 -1.378987701878612748e+00 0.000000000000000000e+00
-1.373067023634753525e+00 -1.413762748948725001e+00 0.000000000000000000e+00
-1.351341261456884713e+00 -1.448250973874442682e+00 0.000000000000000000e+00
-1.328782541957018282e+00 -1.482432788011077918e+00 0.000000000000000000e+00
-1.305394489765997035e+00 -1.516288616129700895e+00 0.000000000000000000e+00
-1.281181180367670924e+00 -1.549798906608063742e+00 0.000000000000000000e+00
-1.256147140580450738e+00 -1.582944141654816672e+00 0.000000000000000000e+00
-1.230297348809853419e+00 -1.615704847561920898e+00 0.000000000000000000e+00
-1.203637235071081557e+00 -1.648061604980221917e+00 0.000000000000000000e+00
-1.176172680780854574e+00 -1.679995059213037711e+00 0.000000000000000000e+00
-1.147910018317758851e+00 -1.711485930522673504e+00 0.000000000000000000e+00
-1.118856030350556585e+00 -1.742515024444676097e+00 0.000000000000000000e+00
-1.089017948933950208e+00 -1.773063242104698789e+00 0.000000000000000000e+00
-1.058403454371461105e+00 -1.803111590532763042e+00 0.000000000000000000e+00
-1.027020673845169707e+00 -1.832641192969738153e+00 0.000000000000000000e+00
-9.948781798121778541e-01 -1.861633299160829758e+00 0.000000000000000000e+00
-9.619849881677772219e-01 -1.890069295630868229e+00 0.000000000000000000e+00
-9.283505561754332724e-01 -1.917930715936158936e+00 0.000000000000000000e+00
-8.939847801637891278e-01 -1.945199250887688525e+00 0.000000000000000000e+00
-8.588979929910148803e-01 -1.971856758740458515e+00 0.000000000000000000e+00
-8.231009612769499828e-01 -1.997885275343726397e+00 0.000000000000000000e+00
-7.866048824036098175e-01 -2.023267024246928170e+00 0.000000000000000000e+00
-7.494213812847269063e-01 -2.047984426756074061e+00 0.000000000000000000e+00
-7.115625069051012552e-01 -2.072020111935436670e+00 0.000000000000000000e+00
-6.730407286307111825e-01 -2.095356926549305054e+00 0.000000000000000000e+00
-6.338689322905557422e-01 -2.117977944938671531e+00 0.000000000000000000e+00
-5.940604160314217896e-01 -2.139866478827657570e+00 0.000000000000000000e+00
-5.536288859467777268e-01 -2.161006087054576863e+00 0.000000000000000000e+00
-5.125884514812154569e-01 -2.181380585222484569e+00 0.000000000000000000e+00
-4.709536206118709045e-01 -2.200974055264161677e+00 0.000000000000000000e+00
-4.287392948084751132e-01 -2.219770854916431890e+00 0.000000000000000000e+00
-3.859607637736898744e-01 -2.237755627098818145e+00 0.000000000000000000e+00
-3.426336999656106053e-01 -2.254913309191501458e+00 0.000000000000000000e+00
-2.987741529043125288e-01 -2.271229142207650487e+00 0.000000000000000000e+00
-2.543985432645368694e-01 -2.286688679855167994e+00 0.000000000000000000e+00
-2.095236567566523267e-01 -2.301277797482978116e+00 0.000000000000000000e+00
-1.641666377981550184e-01 -2.314982700907014301e+00 0.000000000000000000e+00
-1.183449829780904711e-01 -2.327789935111090891e+00 0.000000000000000000e+00
-7.207653431689234336e-02 -2.339686392817923455e+00 0.000000000000000000e+00
-2.537947232422195845e-02 -2.350659322925575001e+00 0.000000000000000000e+00
2.172769114250032441e-02 -2.360696338804695316e+00 0.000000000000000000e+00
6.922612021605983879e-02 -2.369785426451940236e+00 0.000000000000000000e+00
1.170966625509912984e-01 -2.377914952495040701e+00 0.000000000000000000e+00
1.653198570456981265e-01 -2.385073672045029625e+00 0.000000000000000000e+00
2.138759417520428030e-01 -2.391250736391218545e+00 0.000000000000000000e+00
2.627448619691858944e-01 -2.396435700534558233e+00 0.000000000000000000e+00
3.119062785183523423e-01 -2.400618530555093333e+00 0.000000000000000000e+00
3.613395761951189722e-01 -2.403789610809293098e+00 0.000000000000000000e+00
4.110238723957421736e-01 -2.405939750953100642e+00 0.000000000000000000e+00
4.609380259138652347e-01 -2.407060192786625308e+00 0.000000000000000000e+00
5.110606459039804816e-01 -2.407142616916468025e+00 0.000000000000000000e+00
5.613701010077850606e-01 -2.406179149231757020e+00 0.000000000000000000e+00
6.118445286396240190e-01 -2.404162367190038285e+00 0.000000000000000000e+00
6.624618444269823048e-01 -2.401085305909256729e+00 0.000000000000000000e+00
7.131997518020405380e-01 -2.396941464062140259e+00 0.000000000000000000e+00
7.640357517400876430e-01 -2.391724809569383492e+00 0.000000000000000000e+00
8.149471526406331101e-01 -2.385429785088122756e+00 0.000000000000000000e+00
8.659110803468480499e-01 -2.378051313292271374e+00 0.000000000000000000e+00
9.169044882990139422e-01 -2.369584801941378327e+00 0.000000000000000000e+00
9.679041678174651331e-01 -2.360026148734779561e+00 0.000000000000000000e+00
1.018886758510507917e+00 -2.349371745947879120e+00 0.000000000000000000e+00
1.069828758802709556e+00 -2.337618484847513667e+00 0.000000000000000000e+00
1.120706536578867318e+00 -2.324763759883448966e+00 0.000000000000000000e+00
1.171496339938888021e+00 -2.310805472653143511e+00 0.000000000000000000e+00
1.222174308058769032e+00 -2.295742035637039269e+00 0.000000000000000000e+00
1.272716482152799200e+00 -2.279572375701707898e+00 0.000000000000000000e+00
1.323098816532017219e+00 -2.262295937368318022e+00 0.000000000000000000e+00
1.373297189753910796e+00 -2.243912685843977073e+00 0.000000000000000000e+00
1.423287415858284222e+00 -2.224423109813613131e+00 0.000000000000000000e+00
1.473045255684183763e+00 -2.203828223990162538e+00 0.000000000000000000e+00
1.522546428262680607e+00 -2.182129571420947212e+00 0.000000000000000000e+00
1.571766622280269976e+00 -2.159329225548244580e+00 0.000000000000000000e+00
1.620681507607611538e+00 -2.135429792022142781e+00 0.000000000000000000e+00
1.669266746888279362e+00 -2.110434410263898553e+00 0.000000000000000000e+00
1.717498007182145958e+00 -2.084346754778139577e+00 0.000000000000000000e+00
1.765350971657958734e+00 -2.057171036212352977e+00 0.000000000000000000e+00
1.812801351329665467e+00 -2.028912002162228667e+00 0.000000000000000000e+00
1.859824896830996721e+00 -1.999574937721533052e+00 0.000000000000000000e+00
1.906397410222761213e+00 -1.969165665775316931e+00 0.000000000000000000e+00
1.952494756827279243e+00 -1.937690547035381794e+00 0.000000000000000000e+00
1.998092877084381547e+00 -1.905156479817039061e+00 0.000000000000000000e+00
2.043167798423324300e+00 -1.871570899556326495e+00 0.000000000000000000e+00
2.087695647144999445e+00 -1.836941778066961906e+00 0.000000000000000000e+00
2.131652660308752445e+00 -1.801277622536432865e+00 0.000000000000000000e+00
2.175015197618118012e+00 -1.764587474260769673e+00 0.000000000000000000e+00
2.217759753299770153e+00 -1.726880907117634534e+00 0.000000000000000000e+00
2.259862967969973102e+00 -1.688168025777506687e+00 0.000000000000000000e+00
2.301301640482796174e+00 -1.648459463652858448e+00 0.000000000000000000e+00
2.342052739754342916e+00 -1.607766380585361254e+00 0.000000000000000000e+00
2.382093416557256926e+00 -1.566100460271259376e+00 0.000000000000000000e+00
2.421401015279753821e+00 -1.523473907425181073e+00 0.000000000000000000e+00
2.459953085643431070e+00 -1.479899444682790666e+00 0.000000000000000000e+00
2.497727394374089638e+00 -1.435390309242817075e+00 0.000000000000000000e+00
2.534701936819839574e+00 -1.389960249249100555e+00 0.000000000000000000e+00
2.570854948510751026e+00 -1.343623519913427211e+00 0.000000000000000000e+00
2.606164916654319264e+00 -1.296394879380062592e+00 0.000000000000000000e+00
2.640610591561026510e+00 -1.248289584333013291e+00 0.000000000000000000e+00
2.674170997994306020e+00 -1.199323385347171200e+00 0.000000000000000000e+00
2.706825446439232952e+00 -1.149512521984603852e+00 0.000000000000000000e+00
2.738553544284282992e+00 -1.098873717637402603e+00 0.000000000000000000e+00
2.769335206910508607e+00 -1.047424174118625206e+00 0.000000000000000000e+00
2.799150668682540477e+00 -9.951815660029781352e-01 0.000000000000000000e+00
2.827980493835832387e+00 -9.421640347190020082e-01 0.000000000000000000e+00
2.855805587254604205e+00 -8.883901823946670495e-01 0.000000000000000000e+00
2.882607205134952721e+00 -8.338790654584142814e-01 0.000000000000000000e+00
2.908366965527682257e+00 -7.786501879977577589e-01 0.000000000000000000e+00
2.933066858755395856e+00 -7.227234948777401247e-01 0.000000000000000000e+00
2.956689257698474016e+00 -6.661193646215987085e-01 0.000000000000000000e+00
2.979216927944581705e+00 -6.088586020561597145e-01 0.000000000000000000e+00
3.000633037796404778e+00 -5.509624307245932773e-01 0.000000000000000000e+00
3.020921168132369772e+00 -4.924524850692616473e-01 0.000000000000000000e+00
3.040065322115157009e+00 -4.333508023875068393e-01 0.000000000000000000e+00
3.058049934742861353e+00 -3.736798145633624113e-01 0.000000000000000000e+00
3.074859882237714448e+00 -3.134623395782885069e-01 0.000000000000000000e+00
3.090480491267358687e+00 -2.527215728041217191e-01 0.000000000000000000e+00
3.104897547993709761e+00 -1.914810780815451863e-01 0.000000000000000000e+00
3.118097306944517477e+00 -1.297647785875132576e-01 0.000000000000000000e+00
3.130066499702802041e+00 -6.759694749517938805e-02 0.000000000000000000e+00
3.140792343409411380e+00 -5.002198429959999262e-03 0.000000000000000000e+00
3.150262549074026364e+00 5.799452427452499864e-02 0.000000000000000000e+00
3.158465329690004708e+00 1.213679555167673924e-01 0.000000000000000000e+00
3.165389408148538308e+00 1.850925195599689987e-01 0.000000000000000000e+00
3.171024024947683095e+00 2.491423403528702785e-01 0.000000000000000000e+00
3.175358945691896029e+00 3.134912520346564979e-01 0.000000000000000000e+00
3.178384468377799088e+00 3.781128096196659238e-01 0.000000000000000000e+00
3.180091430461982061e+00 4.429802998575284589e-01 0.000000000000000000e+00
3.180471215706741628e+00 5.080667522642875467e-01 0.000000000000000000e+00
3.179515760799746626e+00 5.733449503199674613e-01 0.000000000000000000e+00
3.177217561743709950e+00 6.387874428279308736e-01 0.000000000000000000e+00
3.173569680012251482e+00 7.043665554312806831e-01 0.000000000000000000e+00
3.168565748468216814e+00 7.700544022815121181e-01 0.000000000000000000e+00
3.162199977040846210e+00 8.358228978544806065e-01 0.000000000000000000e+00
3.154467158158245521e+00 9.016437689087233309e-01 0.000000000000000000e+00
3.145362671931765330e+00 9.674885665810464275e-01 0.000000000000000000e+00
3.134882491088953671e+00 1.033328678614214180e+00 0.000000000000000000e+00
3.123023185651890188e+00 1.099135341711519942e+00 0.000000000000000000e+00
3.109781927357793574e+00 1.164879654012947130e+00 0.000000000000000000e+00
3.095156493818916665e+00 1.230532587687528157e+00 0.000000000000000000e+00
3.079145272418858603e+00 1.296065001636440561e+00 0.000000000000000000e+00
3.061747263942529607e+00 1.361447654301334076e+00 0.000000000000000000e+00
3.042962085937122030e+00 1.426651216572316194e+00 0.000000000000000000e+00
3.022789975801551954e+00 1.491646284789936328e+00 0.000000000000000000e+00
3.001231793601980335e+00 1.556403393835449345e+00 0.000000000000000000e+00
2.978289024611105784e+00 1.620893030303601545e+00 0.000000000000000000e+00
2.953963781569063141e+00 1.685085645752127048e+00 0.000000000000000000e+00
2.928258806663883274e+00 1.748951670022064420e+00 0.000000000000000000e+00
2.901177473229599624e+00 1.812461524622957176e+00 0.000000000000000000e+00
2.872723787160192277e+00 1.875585636176967608e+00 0.000000000000000000e+00
2.842902388037703787e+00 1.938294449915898499e+00 0.000000000000000000e+00
2.811718549972980874e+00 2.000558443225038729e+00 0.000000000000000000e+00
2.779178182157632016e+00 2.062348139227722310e+00 0.000000000000000000e+00
2.745287829125920176e+00 2.123634120404463754e+00 0.000000000000000000e+00
2.710054670725416948e+00 2.184387042240499621e+00 0.000000000000000000e+00
2.673486521795405579e+00 2.244577646895523859e+00 0.000000000000000000e+00
2.635591831552156705e+00 2.304176776889348410e+00 0.000000000000000000e+00
2.596379682680287626e+00 2.363155388797264056e+00 0.000000000000000000e+00
2.555859790129608289e+00 2.421484566948769679e+00 0.000000000000000000e+00
2.514042499616945925e+00 2.479135537123396293e+00 0.000000000000000000e+00
2.470938785832591300e+00 2.536079680237273148e+00 0.000000000000000000e+00
2.426560250351162296e+00 2.592288546014088091e+00 0.000000000000000000e+00
2.380919119246796445e+00 2.647733866634085942e+00 0.000000000000000000e+00
2.334028240412701738e+00 2.702387570354761959e+00 0.000000000000000000e+00
2.285901080585274414e+00 2.756221795096849725e+00 0.000000000000000000e+00
2.236551722073124360e+00 2.809208901989217466e+00 0.000000000000000000e+00
2.185994859191417117e+00 2.861321488866344964e+00 0.000000000000000000e+00
2.134245794402205743e+00 2.912532403711933782e+00 0.000000000000000000e+00
2.081320434161407551e+00 2.962814758042356278e+00 0.000000000000000000e+00
2.027235284473372090e+00 3.012141940223514780e+00 0.000000000000000000e+00
1.972007446154017796e+00 3.060487628714796404e+00 0.000000000000000000e+00
1.915654609803663755e+00 3.107825805233794370e+00 0.000000000000000000e+00
1.858195050490907052e+00 3.154130767835427118e+00 0.000000000000000000e+00
1.799647622148888848e+00 3.199377143899223785e+00 0.000000000000000000e+00
1.740031751685585659e+00 3.243539903018428205e+00 0.000000000000000000e+00
1.679367432809745875e+00 3.286594369784732628e+00 0.000000000000000000e+00
1.617675219574379097e+00 3.328516236462363942e+00 0.000000000000000000e+00
1.554976219639685908e+00 3.369281575545381546e+00 0.000000000000000000e+00
1.491292087257608756e+00 3.408866852191977159e+00 0.000000000000000000e+00
1.426645015980158249e+00 3.447248936529717422e+00 0.000000000000000000e+00
1.361057731093967549e+00 3.484405115825588428e+00 0.000000000000000000e+00
1.294553481783486948e+00 3.520313106514865176e+00 0.000000000000000000e+00
1.227156033025547321e+00 3.554951066082765010e+00 0.000000000000000000e+00
1.158889657217957669e+00 3.588297604792992868e+00 0.000000000000000000e+00
1.089779125545131899e+00 3.620331797257244411e+00 0.000000000000000000e+00
1.019849699083669403e+00 3.651033193839879676e+00 0.000000000000000000e+00
9.491271196511398278e-01 3.680381831891944788e+00 0.000000000000000000e+00
8.776376004012526044e-01 3.708358246808876935e+00 0.000000000000000000e+00
8.054078161689173232e-01 3.734943482906185608e+00 0.000000000000000000e+00
7.324648935686213225e-01 3.760119104107578991e+00 0.000000000000000000e+00
6.588364008498828195e-01 3.783867204439968823e+00 0.000000000000000000e+00
5.845503375134497581e-01 3.806170418329949623e+00 0.000000000000000000e+00
5.096351236922459504e-01 3.827011930696343711e+00 0.000000000000000000e+00
4.341195893009731632e-01 3.846375486833549129e+00 0.000000000000000000e+00
3.580329629586108675e-01 3.864245402080442648e+00 0.000000000000000000e+00
2.814048606879562264e-01 3.880606571269735294e+00 0.000000000000000000e+00
2.042652743966549833e-01 3.895444477952704432e+00 0.000000000000000000e+00
1.266445601441638924e-01 3.908745203394350831e+00 0.000000000000000000e+00
4.857342619919993026e-02 3.920495435334113932e+00 0.000000000000000000e+00
-2.991707910754191208e-02 3.930682476507346035e+00 0.000000000000000000e+00
-1.087955797307043199e-01 3.939294252922877604e+00 0.000000000000000000e+00
-1.880303844525957058e-01 3.946319321892065801e+00 0.000000000000000000e+00
-2.675894996156286121e-01 3.951746879804854728e+00 0.000000000000000000e+00
-3.474406420396407569e-01 3.955566769648430903e+00 0.000000000000000000e+00
-4.275512521189931414e-01 3.957769488264219149e+00 0.000000000000000000e+00
-5.078885070940449831e-01 3.958346193339008501e+00 0.000000000000000000e+00
-5.884193344916319734e-01 3.957288710126158904e+00 0.000000000000000000e+00
-6.691104257290804158e-01 3.954589537892912343e+00 0.000000000000000000e+00
-7.499282498760977411e-01 3.950241856089966141e+00 0.000000000000000000e+00
-8.308390675689192317e-01 3.944239530239566971e+00 0.000000000000000000e+00
-9.118089450708807275e-01 3.936577117538516468e+00 0.000000000000000000e+00
-9.928037684736854551e-01 3.927249872172571710e+00 0.000000000000000000e+00
-1.073789258033247096e+00 3.916253750338878792e+00 0.000000000000000000e+00
-1.154730982634313730e+00 3.903585414973164358e+00 0.000000000000000000e+00
-1.235594374377597005e+00 3.889242240178561349e+00 0.000000000000000000e+00
-1.316344743283365926e+00 3.873222315353053169e+00 0.000000000000000000e+00
-1.396947292105225724e+00 3.855524449012661670e+00 0.000000000000000000e+00
-1.477367131247794729e+00 3.836148172307618065e+00 0.000000000000000000e+00
-1.557569293781874809e+00 3.815093742228903739e+00 0.000000000000000000e+00
-1.637518750550796431e+00 3.792362144502654520e+00 0.000000000000000000e+00
-1.717180425361261253e+00 3.767955096170100493e+00 0.000000000000000000e+00
-1.796519210252350174e+00 3.741875047850780511e+00 0.000000000000000000e+00
-1.875499980835911629e+00 3.714125185686987241e+00 0.000000000000000000e+00
-1.954087611701780913e+00 3.684709432967466558e+00 0.000000000000000000e+00
-2.032246991881092146e+00 3.653632451428570960e+00 0.000000000000000000e+00
-2.109943040360940270e+00 3.620899642231199866e+00 0.000000000000000000e+00
-2.187140721643562546e+00 3.586517146612012485e+00 0.000000000000000000e+00
-2.263805061343309610e+00 3.550491846207481927e+00 0.000000000000000000e+00
-2.339901161814363917e+00 3.512831363049624844e+00 0.000000000000000000e+00
-2.415394217802493415e+00 3.473544059232223535e+00 0.000000000000000000e+00
-2.490249532113737896e+00 3.432639036246659447e+00 0.000000000000000000e+00
-2.564432531293160622e+00 3.390126133986512080e+00 0.000000000000000000e+00
-2.637908781306639749e+00 3.346015929420270485e+00 0.000000000000000000e+00
-2.710644003218686038e+00 3.300319734931655091e+00 0.000000000000000000e+00
-2.782604088859271130e+00 3.253049596327166615e+00 0.000000000000000000e+00
-2.853755116472565856e+00 3.204218290510686185e+00 0.000000000000000000e+00
-2.924063366340640346e+00 3.153839322824979252e+00 0.000000000000000000e+00
-2.993495336374880633e+00 3.101926924060303570e+00 0.000000000000000000e+00
-3.062017757668244133e+00 3.048496047130225151e+00 0.000000000000000000e+00
-3.129597610001095376e+00 2.993562363415133376e+00 0.000000000000000000e+00
-3.196202137293651546e+00 2.937142258773918435e+00 0.000000000000000000e+00
-3.261798862997923543e+00 2.879252829224523413e+00 0.000000000000000000e+00
-3.326355605422050665e+00 2.819911876294215691e+00 0.000000000000000000e+00
-3.389840492980055409e+00 2.759137902040508017e+00 0.000000000000000000e+00
-3.452221979359847204e+00 2.696950103743937177e+00 0.000000000000000000e+00
-3.513468858602538880e+00 2.633368368273935722e+00 0.000000000000000000e+00
-3.573550280085985964e+00 2.568413266129270234e+00 0.000000000000000000e+00
-3.632435763405648999e+00 2.502106045154555147e+00 0.000000000000000000e+00
-3.690095213145693442e+00 2.434468623934694431e+00 0.000000000000000000e+00
-3.746498933533478404e+00 2.365523584869035023e+00 0.000000000000000000e+00
-3.801617642970489097e+00 2.295294166927313917e+00 0.000000000000000000e+00
-3.855422488432821204e+00 2.223804258089594921e+00 0.000000000000000000e+00
-3.907885059734458544e+00 2.151078387472443065e+00 0.000000000000000000e+00
-3.958977403646441573e+00 2.077141717143927035e+00 0.000000000000000000e+00
-4.008672037865244953e+00 2.002020033630018681e+00 0.000000000000000000e+00
-4.056941964823683300e+00 1.925739739115099214e+00 0.000000000000000000e+00
-4.103760685337612735e+00 1.848327842339610338e+00 0.000000000000000000e+00
-4.149102212081907659e+00 1.769811949197809042e+00 0.000000000000000000e+00
-4.192941082889132254e+00 1.690220253038858145e+00 0.000000000000000000e+00
-4.235252373864420328e+00 1.609581524674634556e+00 0.000000000000000000e+00
-4.276011712310197055e+00 1.527925102097624555e+00 0.000000000000000000e+00
-4.315195289454323735e+00 1.445280879912671290e+00 0.000000000000000000e+00
-4.352779872975403919e+00 1.361679298486266010e+00 0.000000000000000000e+00
-4.388742819319095823e+00 1.277151332817216822e+00 0.000000000000000000e+00
-4.423062085799199572e+00 1.191728481132867223e+00 0.000000000000000000e+00
-4.455716242477536504e+00 1.105442753214917806e+00 0.000000000000000000e+00
-4.486684483816612889e+00 1.018326658459193901e+00 0.000000000000000000e+00
-4.515946640099170573e+00 9.304131936738214703e-01 0.000000000000000000e+00
-4.543483188608847811e+00 8.417358306202609164e-01 0.000000000000000000e+00
-4.569275264566189598e+00 7.523285033020371548e-01 0.000000000000000000e+00
-4.593304671814416373e+00 6.622255950058590912e-01 0.000000000000000000e+00
-4.615553893249403572e+00 5.714619251001575861e-01 0.000000000000000000e+00
-4.636006100988456780e+00 4.800727355959752418e-01 0.000000000000000000e+00
-4.654645166272526779e+00 3.880936774755484042e-01 0.000000000000000000e+00
-4.671455669096649999e+00 2.955607967937599057e-01 0.000000000000000000e+00
-4.686422907563492224e+00 2.025105205579160184e-01 0.000000000000000000e+00
-4.699532906954969391e+00 1.089796423914191764e-01 0.000000000000000000e+00
-4.710772428517058685e+00 1.500530798685240086e-02 0.000000000000000000e+00
-4.720128977952980698e+00 -7.937499964561668675e-02 0.000000000000000000e+00
-4.727590813620102139e+00 -1.741234751287280003e-01 0.000000000000000000e+00
-4.733146954425992980e+00 -2.692020058616304556e-01 0.000000000000000000e+00
-4.736787187419189138e+00 -3.645721873501673871e-01 0.000000000000000000e+00
-4.738502075070357478e+00 -4.601953387179053556e-01 0.000000000000000000e+00
-4.738282962239672713e+00 -5.560325183916005054e-01 0.000000000000000000e+00
-4.736121982826333010e+00 -6.520445399547002419e-01 0.000000000000000000e+00
-4.732012066096284997e+00 -7.481919881625566093e-01 0.000000000000000000e+00
-4.725946942684357666e+00 -8.444352351126455103e-01 0.000000000000000000e+00
-4.717921150267131658e+00 -9.407344565632405065e-01 0.000000000000000000e+00
-4.707930038903004544e+00 -1.037049648393902457e+00 0.000000000000000000e+00
-4.695969776036063692e+00 -1.133340643200826392e+00 0.000000000000000000e+00
-4.682037351160497352e+00 -1.229567127020299244e+00 0.000000000000000000e+00
-4.666130580142434425e+00 -1.325688656173271474e+00 0.000000000000000000e+00
-4.648248109196236655e+00 -1.421664674223977354e+00 0.000000000000000000e+00
-4.628389418512399267e+00 -1.517454529045633826e+00 0.000000000000000000e+00
-4.606554825534391995e+00 -1.613017489985883568e+00 0.000000000000000000e+00
-4.582745487881886959e+00 -1.708312765124893939e+00 0.000000000000000000e+00
-4.556963405918008192e+00 -1.803299518618716846e+00 0.000000000000000000e+00
-4.529211424958320187e+00 -1.897936888120696386e+00 0.000000000000000000e+00
-4.499493237119514433e+00 -1.992184002273357901e+00 0.000000000000000000e+00
-4.467813382805839950e+00 -2.085999998263440069e+00 0.000000000000000000e+00
-4.434177251831486366e+00 -2.179344039432534075e+00 0.000000000000000000e+00
-4.398591084177325250e+00 -2.272175332935726377e+00 0.000000000000000000e+00
-4.361061970380504249e+00 -2.364453147440789049e+00 0.000000000000000000e+00
-4.321597851555611491e+00 -2.456136830860113918e+00 0.000000000000000000e+00
-4.280207519046273390e+00 -2.547185828107811911e+00 0.000000000000000000e+00
-4.236900613706128027e+00 -2.637559698874334391e+00 0.000000000000000000e+00
-4.191687624808421830e+00 -2.727218135410744981e+00 0.000000000000000000e+00
-4.144579888583515448e+00 -2.816120980314992472e+00 0.000000000000000000e+00
-4.095589586383791669e+00 -2.904228244312380802e+00 0.000000000000000000e+00
-4.044729742475647427e+00 -2.991500124022377971e+00 0.000000000000000000e+00
-3.992014221458334511e+00 -3.077897019704091353e+00 0.000000000000000000e+00
-3.937457725309687628e+00 -3.163379552972403363e+00 0.000000000000000000e+00
-3.881075790058876596e+00 -3.247908584477030125e+00 0.000000000000000000e+00
-3.822884782086421573e+00 -3.331445231536707574e+00 0.000000000000000000e+00
-3.762901894052053997e+00 -3.413950885720527850e+00 0.000000000000000000e+00
-3.701145140450984083e+00 -3.495387230368685927e+00 0.000000000000000000e+00
-3.637633352799398700e+00 -3.575716258044773443e+00 0.000000000000000000e+00
-3.572386174450199903e+00 -3.654900287911734047e+00 0.000000000000000000e+00
-3.505424055040015752e+00 -3.732901983023786396e+00 0.000000000000000000e+00
-3.436768244568915165e+00 -3.809684367526357196e+00 0.000000000000000000e+00
-3.366440787114185706e+00 -3.885210843756349064e+00 0.000000000000000000e+00
-3.294464514179883619e+00 -3.959445209234912610e+00 0.000000000000000000e+00
-3.220863037683842744e+00 -4.032351673545067072e+00 0.000000000000000000e+00
-3.145660742584232228e+00 -4.103894875086349536e+00 0.000000000000000000e+00
-3.068882779147686257e+00 -4.174039897698902379e+00 0.000000000000000000e+00
-2.990555054861315565e+00 -4.242752287149324175e+00 0.000000000000000000e+00
-2.910704225991097349e+00 -4.309998067470663941e+00 0.000000000000000000e+00
-2.829357688789126524e+00 -4.375743757149066937e+00 0.000000000000000000e+00
-2.746543570352649510e+00 -4.439956385149476326e+00 0.000000000000000000e+00
-2.662290719137736961e+00 -4.502603506772948627e+00 0.000000000000000000e+00
-2.576628695130617430e+00 -4.563653219338249301e+00 0.000000000000000000e+00
-2.489587759680065293e+00 -4.623074177680255303e+00 0.000000000000000000e+00
-2.401198864994131821e+00 -4.680835609457949076e+00 0.000000000000000000e+00
-2.311493643304815659e+00 -4.736907330264759075e+00 0.000000000000000000e+00
-2.220504395704435030e+00 -4.791259758534049062e+00 0.000000000000000000e+00
-2.128264080657444879e+00 -4.843863930232731541e+00 0.000000000000000000e+00
-2.034806302191877858e+00 -4.894691513335900801e+00 0.000000000000000000e+00
-1.940165297774507192e+00 -4.943714822075574666e+00 0.000000000000000000e+00
-1.844375925873987576e+00 -4.990906830956728157e+00 0.000000000000000000e+00
-1.747473653216591982e+00 -5.036241188533748137e+00 0.000000000000000000e+00
-1.649494541739046971e+00 -5.079692230940664466e+00 0.000000000000000000e+00
-1.550475235243265137e+00 -5.121234995168557624e+00 0.000000000000000000e+00
-1.450452945757929824e+00 -5.160845232083578260e+00 0.000000000000000000e+00
-1.349465439611843731e+00 -5.198499419179227310e+00 0.000000000000000000e+00
-1.247551023224407807e+00 -5.234174773056510688e+00 0.000000000000000000e+00
-1.144748528618413808e+00 -5.267849261625785040e+00 0.000000000000000000e+00
-1.041097298660716097e+00 -5.299501616024152817e+00 0.000000000000000000e+00
-9.366371720362370867e-01 -5.329111342242447869e+00 0.000000000000000000e+00
-8.314084679612077089e-01 -5.356658732455843008e+00 0.000000000000000000e+00
-7.254519706413579128e-01 -5.382124876052349016e+00 0.000000000000000000e+00
-6.188089134811475267e-01 -5.405491670353504752e+00 0.000000000000000000e+00
-5.115209630499949478e-01 -5.426741831021735685e+00 0.000000000000000000e+00
-4.036302028119220786e-01 -5.445858902148920322e+00 0.000000000000000000e+00
-2.951791166248139420e-01 -5.462827266020877204e+00 0.000000000000000000e+00
-1.862105720158747368e-01 -5.477632152552592615e+00 0.000000000000000000e+00
-7.676780323970835984e-02 -5.490259648389143265e+00 0.000000000000000000e+00
3.310560587408906130e-02 -5.500696705667376563e+00 0.000000000000000000e+00
1.433657392771645334e-01 -5.508931150433596713e+00 0.000000000000000000e+00
2.539683662555122234e-01 -5.514951690712578625e+00 0.000000000000000000e+00
3.648689591723805470e-01 -5.518747924223426971e+00 0.000000000000000000e+00
4.760227113940124211e-01 -5.520310345737901692e+00 0.000000000000000000e+00
5.873845553908163541e-01 -5.519630354076987544e+00 0.000000000000000000e+00
6.989091810067434851e-01 -5.516700258741642493e+00 0.000000000000000000e+00
8.105510538895568384e-01 -5.511513286173774340e+00 0.000000000000000000e+00
9.222644340743079150e-01 -5.504063585643701906e+00 0.000000000000000000e+00
1.034003394712591284e+00 -5.494346234760432601e+00 0.000000000000000000e+00
1.145721840939857294e+00 -5.482357244601320900e+00 0.000000000000000000e+00
1.257373528872995472e+00 -5.468093564457778832e+00 0.000000000000000000e+00
1.368912084730505629e+00 -5.451553086193858810e+00 0.000000000000000000e+00
1.480291024067168282e+00 -5.432734648214752937e+00 0.000000000000000000e+00
1.591463771115402048e+00 -5.411638039042331982e+00 0.000000000000000000e+00
1.702383678225153796e+00 -5.388264000495084360e+00 0.000000000000000000e+00
1.813004045394380093e+00 -5.362614230469893606e+00 0.000000000000000000e+00
1.923278139881761772e+00 -5.334691385323376167e+00 0.000000000000000000e+00
2.033159215893592719e+00 -5.304499081850551967e+00 0.000000000000000000e+00
2.142600534336449147e+00 -5.272041898858870645e+00 0.000000000000000000e+00
2.251555382627476565e+00 -5.237325378335722981e+00 0.000000000000000000e+00
2.359977094553729060e+00 -5.200356026207803239e+00 0.000000000000000000e+00
2.467819070172298623e+00 -5.161141312690819660e+00 0.000000000000000000e+00
2.575034795742673577e+00 -5.119689672228227018e+00 0.000000000000000000e+00
2.681577863682980123e+00 -5.076010503017817754e+00 0.000000000000000000e+00
2.787401992541401086e+00 -5.030114166125247976e+00 0.000000000000000000e+00
2.892461046974359018e+00 -4.982011984183655429e+00 0.000000000000000000e+00
2.996709057722834135e+00 -4.931716239678778813e+00 0.000000000000000000e+00
3.100100241578186200e+00 -4.879240172819148569e+00 0.000000000000000000e+00
3.202589021328982266e+00 -4.824597978991030267e+00 0.000000000000000000e+00
3.304130045680035987e+00 -4.767804805798116163e+00 0.000000000000000000e+00
3.404678209135099554e+00 -4.708876749686030649e+00 0.000000000000000000e+00
3.504188671834627566e+00 -4.647830852151875192e+00 0.000000000000000000e+00
3.602616879339799461e+00 -4.584685095539367872e+00 0.000000000000000000e+00
3.699918582354281504e+00 -4.519458398420128198e+00 0.000000000000000000e+00
3.796049856375026454e+00 -4.452170610561975828e+00 0.000000000000000000e+00
3.890967121263436912e+00 -4.382842507485236183e+00 0.000000000000000000e+00
3.984627160728386741e+00 -4.311495784608177395e+00 0.000000000000000000e+00
4.076987141712317353e+00 -4.238153050983030745e+00 0.000000000000000000e+00
4.168004633671952064e+00 -4.162837822624054773e+00 0.000000000000000000e+00
4.257637627744952802e+00 -4.085574515429436282e+00 0.000000000000000000e+00
4.345844555794111663e+00 -4.006388437698810812e+00 0.000000000000000000e+00
4.432584309320398042e+00 -3.925305782248632358e+00 0.000000000000000000e+00
4.517816258236506677e+00 -3.842353618127531067e+00 0.000000000000000000e+00
4.601500269492381001e+00 -3.757559881934189328e+00 0.000000000000000000e+00
4.683596725544425077e+00 -3.670953368740219602e+00 0.000000000000000000e+00
4.764066542659902481e+00 -3.582563722621001645e+00 0.000000000000000000e+00
4.842871189048336689e+00 -3.492421426797313710e+00 0.000000000000000000e+00
4.919972702811575616e+00 -3.400557793391002281e+00 0.000000000000000000e+00
4.995333709704440572e+00 -3.307004952797878872e+00 0.000000000000000000e+00
5.068917440697670251e+00 -3.211795842681490321e+00 0.000000000000000000e+00
5.140687749335222101e+00 -3.114964196591316625e+00 0.000000000000000000e+00
5.210609128877861096e+00 -3.016544532209265661e+00 0.000000000000000000e+00
5.278646729225099143e+00 -2.916572139228511773e+00 0.000000000000000000e+00
5.344766373607706456e+00 -2.815083066868726558e+00 0.000000000000000000e+00
5.408934575042902537e+00 -2.712114111032216002e+00 0.000000000000000000e+00
5.471118552544618652e+00 -2.607702801105331591e+00 0.000000000000000000e+00
5.531286247081168561e+00 -2.501887386409933356e+00 0.000000000000000000e+00
5.589406337272877501e+00 -2.394706822309591754e+00 0.000000000000000000e+00
5.645448254822134082e+00 -2.286200755975712262e+00 0.000000000000000000e+00
5.699382199668636240e+00 -2.176409511818581333e+00 0.000000000000000000e+00
5.751179154862513521e+00 -2.065374076588767149e+00 0.000000000000000000e+00
5.800810901148284238e+00 -1.953136084154182051e+00 0.000000000000000000e+00
5.848250031252528736e+00 -1.839737799958620412e+00 0.000000000000000000e+00
5.893469963868440686e+00 -1.725222105167395048e+00 0.000000000000000000e+00
5.936444957330385463e+00 -1.609632480506103080e+00 0.000000000000000000e+00
5.977150122971868207e+00 -1.493012989798435664e+00 0.000000000000000000e+00
6.015561438160246688e+00 -1.375408263209438875e+00 0.000000000000000000e+00
6.051655759001808299e+00 -1.256863480200428596e+00 0.000000000000000000e+00
6.085410832710858031e+00 -1.137424352202168087e+00 0.000000000000000000e+00
6.116805309636665022e+00 -1.017137105012781761e+00 0.000000000000000000e+00
6.145818754942148132e+00 -8.960484609273763335e-01 0.000000000000000000e+00
6.172431659928427017e+00 -7.742056206061067591e-01 0.000000000000000000e+00
6.196625452999407813e+00 -6.516562446878411130e-01 0.000000000000000000e+00
6.218382510260800800e+00 -5.284484351564111559e-01 0.000000000000000000e+00
6.237686165748002054e+00 -4.046307164669432077e-01 0.000000000000000000e+00
6.254520721277535777e+00 -2.802520164395018720e-01 0.000000000000000000e+00
6.268871455916789515e+00 -1.553616469276974388e-01 0.000000000000000000e+00
6.280724635067030270e+00 -3.000928426971681551e-02 0.000000000000000000e+00
1.570796326794896558e+00 -1.923670693721789773e-16 1.000000000000000000e+00
1.580480178068039310e+00 3.161381884961620564e-02 1.000000000000000000e+00
1.589523859409352591e+00 6.361488593507105826e-02 1.000000000000000000e+00
1.597915757732957243e+00 9.599016131220018677e-02 1.000000000000000000e+00
1.605644527055144710e+00 1.287262955024815747e-01 1.000000000000000000e+00
1.612699096228246365e+00 1.618096349925634836e-01 1.000000000000000000e+00
1.619068676560737163e+00 1.952262279192789329e-01 1.000000000000000000e+00
1.624742769319244218e+00 2.289618299377823851e-01 1.000000000000000000e+00
1.629711173108189470e+00 2.630019102703476386e-01 1.000000000000000000e+00
1.633963991122838744e+00 2.973316579332661025e-01 1.000000000000000000e+00
1.637491638271591166e+00 3.319359881391886202e-01 1.000000000000000000e+00
1.640284848163390485e+00 3.667995488721600417e-01 1.000000000000000000e+00
1.642334679956205301e+00 4.019067276324988502e-01 1.000000000000000000e+00
1.643632525062580507e+00 4.372416583485816410e-01 1.000000000000000000e+00
1.644170113708326220e+00 4.727882284525073975e-01 1.000000000000000000e+00
1.643939521340475496e+00 5.085300861165013009e-01 1.000000000000000000e+00
1.642933174880706559e+00 5.444506476468803369e-01 1.000000000000000000e+00
1.641143858820496515e+00 5.805331050322404263e-01 1.000000000000000000e+00
1.638564721154339265e+00 6.167604336425155376e-01 1.000000000000000000e+00
1.635189279147440500e+00 6.531154000754182398e-01 1.000000000000000000e+00
1.631011424934365239e+00 6.895805701467155879e-01 1.000000000000000000e+00
1.626025430945203354e+00 7.261383170207050819e-01 1.000000000000000000e+00
1.620225955155883968e+00 7.627708294771750053e-01 1.000000000000000000e+00
1.613608046159359155e+00 7.994601203110555110e-01 1.000000000000000000e+00
1.606167148054450822e+00 8.361880348608927704e-01 1.000000000000000000e+00
1.597899105149245713e+00 8.729362596621974557e-01 1.000000000000000000e+00
1.588800166476001863e+00 9.096863312216548758e-01 1.000000000000000000e+00
1.578866990114621949e+00 9.464196449081021534e-01 1.000000000000000000e+00
1.568096647321832959e+00 9.831174639561178763e-01 1.000000000000000000e+00
1.556486626463305267e+00 1.019760928577996939e+00 1.000000000000000000e+00
1.544034836746033479e+00 1.056331065179817230e+00 1.000000000000000000e+00
1.530739611748393125e+00 1.092808795677246536e+00 1.000000000000000000e+00
1.516599712745389406e+00 1.129174946906667865e+00 1.000000000000000000e+00
1.501614331826695237e+00 1.165410260127153430e+00 1.000000000000000000e+00
1.485783094805194438e+00 1.201495400608744824e+00 1.000000000000000000e+00
1.469106063913819593e+00 1.237410967302460696e+00 1.000000000000000000e+00
1.451583740288599156e+00 1.273137502587377456e+00 1.000000000000000000e+00
1.433217066235905390e+00 1.308655502090106060e+00 1.000000000000000000e+00
1.414007427282024443e+00 1.343945424571894920e+00 1.000000000000000000e+00
1.393956654003237539e+00 1.378987701878612748e+00 1.000000000000000000e+00
1.373067023634753525e+00 1.413762748948725001e+00 1.000000000000000000e+00
1.351341261456884713e+00 1.448250973874442682e+00 1.000000000000000000e+00
1.328782541957018282e+00 1.482432788011077918e+00 1.000000000000000000e+00
1.305394489765997035e+00 1.516288616129700895e+00 1.000000000000000000e+00
1.281181180367670924e+00 1.549798906608063742e+00 1.000000000000000000e+00
1.256147140580450738e+00 1.582944141654816672e+00 1.000000000000000000e+00
1.230297348809853419e+00 1.615704847561920898e+00 1.000000000000000000e+00
1.203637235071081557e+00 1.648061604980221917e+00 1.000000000000000000e+00
1.176172680780854574e+00 1.679995059213037711e+00 1.000000000000000000e+00
1.147910018317758851e+00 1.711485930522673504e+00 1.000000000000000000e+00
1.118856030350556585e+00 1.742515024444676097e+00 1.000000000000000000e+00
1.089017948933950208e+00 1.773063242104698789e+00 1.000000000000000000e+00
1.058403454371461105e+00 1.803111590532763042e+00 1.000000000000000000e+00
1.027020673845169707e+00 1.832641192969738153e+00 1.000000000000000000e+00
9.948781798121778541e-01 1.861633299160829758e+00 1.000000000000000000e+00
9.619849881677772219e-01 1.890069295630868229e+00 1.000000000000000000e+00
9.283505561754332724e-01 1.917930715936158936e+00 1.000000000000000000e+00
8.939847801637891278e-01 1.945199250887688525e+00 1.000000000000000000e+00
8.588979929910148803e-01 1.971856758740458515e+00 1.000000000000000000e+00
8.231009612769499828e-01 1.997885275343726397e+00 1.000000000000000000e+00
7.866048824036098175e-01 2.023267024246928170e+00 1.000000000000000000e+00
7.494213812847269063e-01 2.047984426756074061e+00 1.000000000000000000e+00
7.115625069051012552e-01 2.072020111935436670e+00 1.000000000000000000e+00
6.730407286307111825e-01 2.095356926549305054e+00 1.000000000000000000e+00
6.338689322905557422e-01 2.117977944938671531e+00 1.000000000000000000e+00
5.940604160314217896e-01 2.139866478827657570e+00 1.000000000000000000e+00
5.536288859467777268e-01 2.161006087054576863e+00 1.000000000000000000e+00
5.125884514812154569e-01 2.181380585222484569e+00 1.000000000000000000e+00
4.709536206118709045e-01 2.200974055264161677e+00 1.000000000000000000e+00
4.287392948084751132e-01 2.219770854916431890e+00 1.000000000000000000e+00
3.859607637736898744e-01 2.237755627098818145e+00 1.000000000000000000e+00
3.426336999656106053e-01 2.254913309191501458e+00 1.000000000000000000e+00
2.987741529043125288e-01 2.271229142207650487e+00 1.000000000000000000e+00
2.543985432645368694e-01 2.286688679855167994e+00 1.000000000000000000e+00
2.095236567566523267e-01 2.301277797482978116e+00 1.000000000000000000e+00
1.641666377981550184e-01 2.314982700907014301e+00 1.000000000000000000e+00
1.183449829780904711e-01 2.327789935111090891e+00 1.000000000000000000e+00
7.207653431689234336e-02 2.339686392817923455e+00 1.000000000000000000e+00
2.537947232422195845e-02 2.350659322925575001e+00 1.000000000000000000e+00
-2.172769114250032441e-02 2.360696338804695316e+00 1.000000000000000000e+00
-6.922612021605983879e-02 2.369785426451940236e+00 1.000000000000000000e+00
-1.170966625509912984e-01 2.377914952495040701e+00 1.000000000000000000e+00
-1.653198570456981265e-01 2.385073672045029625e+00 1.000000000000000000e+00
-2.138759417520428030e-01 2.391250736391218545e+00 1.000000000000000000e+00
-2.627448619691858944e-01 2.396435700534558233e+00 1.000000000000000000e+00
-3.119062785183523423e-01 2.400618530555093333e+00 1.000000000000000000e+00
-3.613395761951189722e-01 2.403789610809293098e+00 1.000000000000000000e+00
-4.110238723957421736e-01 2.405939750953100642e+00 1.000000000000000000e+00
-4.609380259138652347e-01 2.407060192786625308e+00 1.000000000000000000e+00
-5.110606459039804816e-01 2.407142616916468025e+00 1.000000000000000000e+00
-5.613701010077850606e-01 2.406179149231757020e+00 1.000000000000000000e+00
-6.118445286396240190e-01 2.404162367190038285e+00 1.000000000000000000e+00
-6.624618444269823048e-01 2.401085305909256729e+00 1.000000000000000000e+00
-7.131997518020405380e-01 2.396941464062140259e+00 1.000000000000000000e+00
-7.640357517400876430e-01 2.391724809569383492e+00 1.000000000000000000e+00
-8.149471526406331101e-01 2.385429785088122756e+00 1.000000000000000000e+00
-8.659110803468480499e-01 2.378051313292271374e+00 1.000000000000000000e+00
-9.169044882990139422e-01 2.369584801941378327e+00 1.000000000000000000e+00
-9.679041678174651331e-01 2.360026148734779561e+00 1.000000000000000000e+00
-1.018886758510507917e+00 2.349371745947879120e+00 1.000000000000000000e+00
-1.069828758802709556e+00 2.337618484847513667e+00 1.000000000000000000e+00
-1.120706536578867318e+00 2.324763759883448966e+00 1.000000000000000000e+00
-1.171496339938888021e+00 2.310805472653143511e+00 1.000000000000000000e+00
-1.222174308058769032e+00 2.295742035637039269e+00 1.000000000000000000e+00
-1.272716482152799200e+00 2.279572375701707898e+00 1.000000000000000000e+00
-1.323098816532017219e+00 2.262295937368318022e+00 1.000000000000000000e+00
-1.373297189753910796e+00 2.243912685843977073e+00 1.000000000000000000e+00
-1.423287415858284222e+00 2.224423109813613131e+00 1.000000000000000000e+00
-1.473045255684183763e+00 2.203828223990162538e+00 1.000000000000000000e+00
-1.522546428262680607e+00 2.182129571420947212e+00 1.000000000000000000e+00
-1.571766622280269976e+00 2.159329225548244580e+00 1.000000000000000000e+00
-1.620681507607611538e+00 2.135429792022142781e+00 1.000000000000000000e+00
-1.669266746888279362e+00 2.110434410263898553e+00 1.000000000000000000e+00
-1.717498007182145958e+00 2.084346754778139577e+00 1.000000000000000000e+00
-1.765350971657958734e+00 2.057171036212352977e+00 1.000000000000000000e+00
-1.812801351329665467e+00 2.028912002162228667e+00 1.000000000000000000e+00
-1.859824896830996721e+00 1.999574937721533052e+00 1.000000000000000000e+00
-1.906397410222761213e+00 1.969165665775316931e+00 1.000000000000000000e+00
-1.952494756827279243e+00 1.937690547035381794e+00 1.000000000000000000e+00
-1.998092877084381547e+00 1.905156479817039061e+00 1.000000000000000000e+00
-2.043167798423324300e+00 1.871570899556326495e+00 1.000000000000000000e+00
-2.087695647144999445e+00 1.836941778066961906e+00 1.000000000000000000e+00
-2.131652660308752445e+00 1.801277622536432865e+00 1.000000000000000000e+00
-2.175015197618118012e+00 1.764587474260769673e+00 1.000000000000000000e+00
-2.217759753299770153e+00 1.726880907117634534e+00 1.000000000000000000e+00
-2.259862967969973102e+00 1.688168025777506687e+00 1.000000000000000000e+00
-2.301301640482796174e+00 1.648459463652858448e+00 1.000000000000000000e+00
-2.342052739754342916e+00 1.607766380585361254e+00 1.000000000000000000e+00
-2.382093416557256926e+00 1.566100460271259376e+00 1.000000000000000000e+00
-2.421401015279753821e+00 1.523473907425181073e+00 1.000000000000000000e+00
-2.459953085643431070e+00 1.479899444682790666e+00 1.000000000000000000e+00
-2.497727394374089638e+00 1.435390309242817075e+00 1.000000000000000000e+00
-2.534701936819839574e+00 1.389960249249100555e+00 1.000000000000000000e+00
-2.570854948510751026e+00 1.343623519913427211e+00 1.000000000000000000e+00
-2.606164916654319264e+00 1.296394879380062592e+00 1.000000000000000000e+00
-2.640610591561026510e+00 1.248289584333013291e+00 1.000000000000000000e+00
-2.674170997994306020e+00 1.199323385347171200e+00 1.000000000000000000e+00
-2.706825446439232952e+00 1.149512521984603852e+00 1.000000000000000000e+00
-2.738553544284282992e+00 1.098873717637402603e+00 1.000000000000000000e+00
-2.769335206910508607e+00 1.047424174118625206e+00 1.000000000000000000e+00
-2.799150668682540477e+00 9.951815660029781352e-01 1.000000000000000000e+00
-2.827980493835832387e+00 9.421640347190020082e-01 1.000000000000000000e+00
-2.855805587254604205e+00 8.883901823946670495e-01 1.000000000000000000e+00
-2.882607205134952721e+00 8.338790654584142814e-01 1.000000000000000000e+00
-2.908366965527682257e+00 7.786501879977577589e-01 1.000000000000000000e+00
-2.933066858755395856e+00 7.227234948777401247e-01 1.000000000000000000e+00
-2.956689257698474016e+00 6.661193646215987085e-01 1.000000000000000000e+00
-2.979216927944581705e+00 6.088586020561597145e-01 1.000000000000000000e+00
-3.000633037796404778e+00 5.509624307245932773e-01 1.000000000000000000e+00
-3.020921168132369772e+00 4.924524850692616473e-01 1.000000000000000000e+00
-3.040065322115157009e+00 4.333508023875068393e-01 1.000000000000000000e+00
-3.058049934742861353e+00 3.736798145633624113e-01 1.000000000000000000e+00
-3.074859882237714448e+00 3.134623395782885069e-01 1.000000000000000000e+00
-3.090480491267358687e+00 2.527215728041217191e-01 1.000000000000000000e+00
-3.104897547993709761e+00 1.914810780815451863e-01 1.000000000000000000e+00
-3.118097306944517477e+00 1.297647785875132576e-01 1.000000000000000000e+00
-3.130066499702802041e+00 6.759694749517938805e-02 1.000000000000000000e+00
-3.140792343409411380e+00 5.002198429959999262e-03 1.000000000000000000e+00
-3.150262549074026364e+00 -5.799452427452499864e-02 1.000000000000000000e+00
-3.158465329690004708e+00 -1.213679555167673924e-01 1.000000000000000000e+00
-3.165389408148538308e+00 -1.850925195599689987e-01 1.000000000000000000e+00
-3.171024024947683095e+00 -2.491423403528702785e-01 1.000000000000000000e+00
-3.175358945691896029e+00 -3.134912520346564979e-01 1.000000000000000000e+00
-3.178384468377799088e+00 -3.781128096196659238e-01 1.000000000000000000e+00
-3.180091430461982061e+00 -4.429802998575284589e-01 1.000000000000000000e+00
-3.180471215706741628e+00 -5.080667522642875467e-01 1.000000000000000000e+00
-3.179515760799746626e+00 -5.733449503199674613e-01 1.000000000000000000e+00
-3.177217561743709950e+00 -6.387874428279308736e-01 1.000000000000000000e+00
-3.173569680012251482e+00 -7.043665554312806831e-01 1.000000000000000000e+00
-3.168565748468216814e+00 -7.700544022815121181e-01 1.000000000000000000e+00
-3.162199977040846210e+00 -8.358228978544806065e-01 1.000000000000000000e+00
-3.154467158158245521e+00 -9.016437689087233309e-01 1.000000000000000000e+00
-3.145362671931765330e+00 -9.674885665810464275e-01 1.000000000000000000e+00
-3.134882491088953671e+00 -1.033328678614214180e+00 1.000000000000000000e+00
-3.123023185651890188e+00 -1.099135341711519942e+00 1.000000000000000000e+00
-3.109781927357793574e+00 -1.164879654012947130e+00 1.000000000000000000e+00
-3.095156493818916665e+00 -1.230532587687528157e+00 1.000000000000000000e+00
-3.079145272418858603e+00 -1.296065001636440561e+00 1.000000000000000000e+00
-3.061747263942529607e+00 -1.361447654301334076e+00 1.000000000000000000e+00
-3.042962085937122030e+00 -1.426651216572316194e+00 1.000000000000000000e+00
-3.022789975801551954e+00 -1.491646284789936328e+00 1.000000000000000000e+00
-3.001231793601980335e+00 -1.556403393835449345e+00 1.000000000000000000e+00
-2.978289024611105784e+00 -1.620893030303601545e+00 1.000000000000000000e+00
-2.953963781569063141e+00 -1.685085645752127048e+00 1.000000000000000000e+00
-2.928258806663883274e+00 -1.748951670022064420e+00 1.000000000000000000e+00
-2.901177473229599624e+00 -1.812461524622957176e+00 1.000000000000000000e+00
-2.872723787160192277e+00 -1.875585636176967608e+00 1.000000000000000000e+00
-2.842902388037703787e+00 -1.938294449915898499e+00 1.000000000000000000e+00
-2.811718549972980874e+00 -2.000558443225038729e+00 1.000000000000000000e+00
-2.779178182157632016e+00 -2.062348139227722310e+00 1.000000000000000000e+00
-2.745287829125920176e+00 -2.123634120404463754e+00 1.000000000000000000e+00
-2.710054670725416948e+00 -2.184387042240499621e+00 1.000000000000000000e+00
-2.673486521795405579e+00 -2.244577646895523859e+00 1.000000000000000000e+00
-2.635591831552156705e+00 -2.304176776889348410e+00 1.000000000000000000e+00
-2.596379682680287626e+00 -2.363155388797264056e+00 1.000000000000000000e+00
-2.555859790129608289e+00 -2.421484566948769679e+00 1.000000000000000000e+00
-2.514042499616945925e+00 -2.479135537123396293e+00 1.000000000000000000e+00
-2.470938785832591300e+00 -2.536079680237273148e+00 1.000000000000000000e+00
-2.426560250351162296e+00 -2.592288546014088091e+00 1.000000000000000000e+00
-2.380919119246796445e+00 -2.647733866634085942e+00 1.000000000000000000e+00
-2.334028240412701738e+00 -2.702387570354761959e+00 1.000000000000000000e+00
-2.285901080585274414e+00 -2.756221795096849725e+00 1.000000000000000000e+00
-2.236551722073124360e+00 -2.809208901989217466e+00 1.000000000000000000e+00
-2.185994859191417117e+00 -2.861321488866344964e+00 1.000000000000000000e+00
-2.134245794402205743e+00 -2.912532403711933782e+00 1.000000000000000000e+00
-2.081320434161407551e+00 -2.962814758042356278e+00 1.000000000000000000e+00
-2.027235284473372090e+00 -3.012141940223514780e+00 1.000000000000000000e+00
-1.972007446154017796e+00 -3.060487628714796404e+00 1.000000000000000000e+00
-1.915654609803663755e+00 -3.107825805233794370e+00 1.000000000000000000e+00
-1.858195050490907052e+00 -3.154130767835427118e+00 1.000000000000000000e+00
-1.799647622148888848e+00 -3.199377143899223785e+00 1.000000000000000000e+00
-1.740031751685585659e+00 -3.243539903018428205e+00 1.000000000000000000e+00
-1.679367432809745875e+00 -3.286594369784732628e+00 1.000000000000000000e+00
-1.617675219574379097e+00 -3.328516236462363942e+00 1.000000000000000000e+00
-1.554976219639685908e+00 -3.369281575545381546e+00 1.000000000000000000e+00
-1.491292087257608756e+00 -3.408866852191977159e+00 1.000000000000000000e+00
-1.426645015980158249e+00 -3.447248936529717422e+00 1.000000000000000000e+00
-1.361057731093967549e+00 -3.484405115825588428e+00 1.000000000000000000e+00
-1.294553481783486948e+00 -3.520313106514865176e+00 1.000000000000000000e+00
-1.227156033025547321e+00 -3.554951066082765010e+00 1.000000000000000000e+00
-1.158889657217957669e+00 -3.588297604792992868e+00 1.000000000000000000e+00
-1.089779125545131899e+00 -3.620331797257244411e+00 1.000000000000000000e+00
-1.019849699083669403e+00 -3.651033193839879676e+00 1.000000000000000000e+00
-9.491271196511398278e-01 -3.680381831891944788e+00 1.000000000000000000e+00
-8.776376004012526044e-01 -3.708358246808876935e+00 1.000000000000000000e+00
-8.054078161689173232e-01 -3.734943482906185608e+00 1.000000000000000000e+00
-7.324648935686213225e-01 -3.760119104107578991e+00 1.000000000000000000e+00
-6.588364008498828195e-01 -3.783867204439968823e+00 1.000000000000000000e+00
-5.845503375134497581e-01 -3.806170418329949623e+00 1.000000000000000000e+00
-5.096351236922459504e-01 -3.827011930696343711e+00 1.000000000000000000e+00
-4.341195893009731632e-01 -3.846375486833549129e+00 1.000000000000000000e+00
-3.580329629586108675e-01 -3.864245402080442648e+00 1.000000000000000000e+00
-2.814048606879562264e-01 -3.880606571269735294e+00 1.000000000000000000e+00
-2.042652743966549833e-01 -3.895444477952704432e+00 1.000000000000000000e+00
-1.266445601441638924e-01 -3.908745203394350831e+00 1.000000000000000000e+00
-4.857342619919993026e-02 -3.920495435334113932e+00 1.000000000000000000e+00
2.991707910754191208e-02 -3.930682476507346035e+00 1.000000000000000000e+00
1.087955797307043199e-01 -3.939294252922877604e+00 1.000000000000000000e+00
1.880303844525957058e-01 -3.946319321892065801e+00 1.000000000000000000e+00
2.675894996156286121e-01 -3.951746879804854728e+00 1.000000000000000000e+00
3.474406420396407569e-01 -3.955566769648430903e+00 1.000000000000000000e+00
4.275512521189931414e-01 -3.957769488264219149e+00 1.000000000000000000e+00
5.078885070940449831e-01 -3.958346193339008501e+00 1.000000000000000000e+00
5.884193344916319734e-01 -3.957288710126158904e+00 1.000000000000000000e+00
6.691104257290804158e-01 -3.954589537892912343e+00 1.000000000000000000e+00
7.499282498760977411e-01 -3.950241856089966141e+00 1.000000000000000000e+00
8.308390675689192317e-01 -3.944239530239566971e+00 1.000000000000000000e+00
9.118089450708807275e-01 -3.936577117538516468e+00 1.000000000000000000e+00
9.928037684736854551e-01 -3.927249872172571710e+00 1.000000000000000000e+00
1.073789258033247096e+00 -3.916253750338878792e+00 1.000000000000000000e+00
1.154730982634313730e+00 -3.903585414973164358e+00 1.000000000000000000e+00
1.235594374377597005e+00 -3.889242240178561349e+00 1.000000000000000000e+00
1.316344743283365926e+00 -3.873222315353053169e+00 1.000000000000000000e+00
1.396947292105225724e+00 -3.855524449012661670e+00 1.000000000000000000e+00
1.477367131247794729e+00 -3.836148172307618065e+00 1.000000000000000000e+00
1.557569293781874809e+00 -3.815093742228903739e+00 1.000000000000000000e+00
1.637518750550796431e+00 -3.792362144502654520e+00 1.000000000000000000e+00
1.717180425361261253e+00 -3.767955096170100493e+00 1.000000000000000000e+00
1.796519210252350174e+00 -3.741875047850780511e+00 1.000000000000000000e+00
1.875499980835911629e+00 -3.714125185686987241e+00 1.000000000000000000e+00
1.954087611701780913e+00 -3.684709432967466558e+00 1.000000000000000000e+00
2.032246991881092146e+00 -3.653632451428570960e+00 1.000000000000000000e+00
2.109943040360940270e+00 -3.620899642231199866e+00 1.000000000000000000e+00
2.187140721643562546e+00 -3.586517146612012485e+00 1.000000000000000000e+00
2.263805061343309610e+00 -3.550491846207481927e+00 1.000000000000000000e+00
2.339901161814363917e+00 -3.512831363049624844e+00 1.000000000000000000e+00
2.415394217802493415e+00 -3.473544059232223535e+00 1.000000000000000000e+00
2.490249532113737896e+00 -3.432639036246659447e+00 1.000000000000000000e+00
2.564432531293160622e+00 -3.390126133986512080e+00 1.000000000000000000e+00
2.637908781306639749e+00 -3.346015929420270485e+00 1.000000000000000000e+00
2.710644003218686038e+00 -3.300319734931655091e+00 1.000000000000000000e+00
2.782604088859271130e+00 -3.253049596327166615e+00 1.000000000000000000e+00
2.853755116472565856e+00 -3.204218290510686185e+00 1.000000000000000000e+00
2.924063366340640346e+00 -3.153839322824979252e+00 1.000000000000000000e+00
2.993495336374880633e+00 -3.101926924060303570e+00 1.000000000000000000e+00
3.062017757668244133e+00 -3.048496047130225151e+00 1.000000000000000000e+00
3.129597610001095376e+00 -2.993562363415133376e+00 1.000000000000000000e+00
3.196202137293651546e+00 -2.937142258773918435e+00 1.000000000000000000e+00
3.261798862997923543e+00 -2.879252829224523413e+00 1.000000000000000000e+00
3.326355605422050665e+00 -2.819911876294215691e+00 1.000000000000000000e+00
3.389840492980055409e+00 -2.759137902040508017e+00 1.000000000000000000e+00
3.452221979359847204e+00 -2.696950103743937177e+00 1.000000000000000000e+00
3.513468858602538880e+00 -2.633368368273935722e+00 1.000000000000000000e+00
3.573550280085985964e+00 -2.568413266129270234e+00 1.000000000000000000e+00
3.632435763405648999e+00 -2.502106045154555147e+00 1.000000000000000000e+00
3.690095213145693442e+00 -2.434468623934694431e+00 1.000000000000000000e+00
3.746498933533478404e+00 -2.365523584869035023e+00 1.000000000000000000e+00
3.801617642970489097e+00 -2.295294166927313917e+00 1.000000000000000000e+00
3.855422488432821204e+00 -2.223804258089594921e+00 1.000000000000000000e+00
3.907885059734458544e+00 -2.151078387472443065e+00 1.000000000000000000e+00
3.958977403646441573e+00 -2.077141717143927035e+00 1.000000000000000000e+00
4.008672037865244953e+00 -2.002020033630018681e+00 1.000000000000000000e+00
4.056941964823683300e+00 -1.925739739115099214e+00 1.000000000000000000e+00
4.103760685337612735e+00 -1.848327842339610338e+00 1.000000000000000000e+00
4.149102212081907659e+00 -1.769811949197809042e+00 1.000000000000000000e+00
4.192941082889132254e+00 -1.690220253038858145e+00 1.000000000000000000e+00
4.235252373864420328e+00 -1.609581524674634556e+00 1.000000000000000000e+00
4.276011712310197055e+00 -1.527925102097624555e+00 1.000000000000000000e+00
4.315195289454323735e+00 -1.445280879912671290e+00 1.000000000000000000e+00
4.352779872975403919e+00 -1.361679298486266010e+00 1.000000000000000000e+00
4.388742819319095823e+00 -1.277151332817216822e+00 1.000000000000000000e+00
4.423062085799199572e+00 -1.191728481132867223e+00 1.000000000000000000e+00
4.455716242477536504e+00 -1.105442753214917806e+00 1.000000000000000000e+00
4.486684483816612889e+00 -1.018326658459193901e+00 1.000000000000000000e+00
4.515946640099170573e+00 -9.304131936738214703e-01 1.000000000000000000e+00
4.543483188608847811e+00 -8.417358306202609164e-01 1.000000000000000000e+00
4.569275264566189598e+00 -7.523285033020371548e-01 1.000000000000000000e+00
4.593304671814416373e+00 -6.622255950058590912e-01 1.000000000000000000e+00
4.615553893249403572e+00 -5.714619251001575861e-01 1.000000000000000000e+00
4.636006100988456780e+00 -4.800727355959752418e-01 1.000000000000000000e+00
4.654645166272526779e+00 -3.880936774755484042e-01 1.000000000000000000e+00
4.671455669096649999e+00 -2.955607967937599057e-01 1.000000000000000000e+00
4.686422907563492224e+00 -2.025105205579160184e-01 1.000000000000000000e+00
4.699532906954969391e+00 -1.089796423914191764e-01 1.000000000000000000e+00
4.710772428517058685e+00 -1.500530798685240086e-02 1.000000000000000000e+00
4.720128977952980698e+00 7.937499964561668675e-02 1.000000000000000000e+00
4.727590813620102139e+00 1.741234751287280003e-01 1.000000000000000000e+00
4.733146954425992980e+00 2.692020058616304556e-01 1.000000000000000000e+00
4.736787187419189138e+00 3.645721873501673871e-01 1.000000000000000000e+00
4.738502075070357478e+00 4.601953387179053556e-01 1.000000000000000000e+00
4.738282962239672713e+00 5.560325183916005054e-01 1.000000000000000000e+00
4.736121982826333010e+00 6.520445399547002419e-01 1.000000000000000000e+00
4.732012066096284997e+00 7.481919881625566093e-01 1.000000000000000000e+00
4.725946942684357666e+00 8.444352351126455103e-01 1.000000000000000000e+00
4.717921150267131658e+00 9.407344565632405065e-01 1.000000000000000000e+00
4.707930038903004544e+00 1.037049648393902457e+00 1.000000000000000000e+00
4.695969776036063692e+00 1.133340643200826392e+00 1.000000000000000000e+00
4.682037351160497352e+00 1.229567127020299244e+00 1.000000000000000000e+00
4.666130580142434425e+00 1.325688656173271474e+00 1.000000000000000000e+00
4.648248109196236655e+00 1.421664674223977354e+00 1.000000000000000000e+00
4.628389418512399267e+00 1.517454529045633826e+00 1.000000000000000000e+00
4.606554825534391995e+00 1.613017489985883568e+00 1.000000000000000000e+00
4.582745487881886959e+00 1.708312765124893939e+00 1.000000000000000000e+00
4.556963405918008192e+00 1.803299518618716846e+00 1.000000000000000000e+00
4.529211424958320187e+00 1.897936888120696386e+00 1.000000000000000000e+00
4.499493237119514433e+00 1.992184002273357901e+00 1.000000000000000000e+00
4.467813382805839950e+00 2.085999998263440069e+00 1.000000000000000000e+00
4.434177251831486366e+00 2.179344039432534075e+00 1.000000000000000000e+00
4.398591084177325250e+00 2.272175332935726377e+00 1.000000000000000000e+00
4.361061970380504249e+00 2.364453147440789049e+00 1.000000000000000000e+00
4.321597851555611491e+00 2.456136830860113918e+00 1.000000000000000000e+00
4.280207519046273390e+00 2.547185828107811911e+00 1.000000000000000000e+00
4.236900613706128027e+00 2.637559698874334391e+00 1.000000000000000000e+00
4.191687624808421830e+00 2.727218135410744981e+00 1.000000000000000000e+00
4.144579888583515448e+00 2.816120980314992472e+00 1.000000000000000000e+00
4.095589586383791669e+00 2.904228244312380802e+00 1.000000000000000000e+00
4.044729742475647427e+00 2.991500124022377971e+00 1.000000000000000000e+00
3.992014221458334511e+00 3.077897019704091353e+00 1.000000000000000000e+00
3.937457725309687628e+00 3.163379552972403363e+00 1.000000000000000000e+00
3.881075790058876596e+00 3.247908584477030125e+00 1.000000000000000000e+00
3.822884782086421573e+00 3.331445231536707574e+00 1.000000000000000000e+00
3.762901894052053997e+00 3.413950885720527850e+00 1.000000000000000000e+00
3.701145140450984083e+00 3.495387230368685927e+00 1.000000000000000000e+00
3.637633352799398700e+00 3.575716258044773443e+00 1.000000000000000000e+00
3.572386174450199903e+00 3.654900287911734047e+00 1.000000000000000000e+00
3.505424055040015752e+00 3.732901983023786396e+00 1.000000000000000000e+00
3.436768244568915165e+00 3.809684367526357196e+00 1.000000000000000000e+00
3.366440787114185706e+00 3.885210843756349064e+00 1.000000000000000000e+00
3.294464514179883619e+00 3.959445209234912610e+00 1.000000000000000000e+00
3.220863037683842744e+00 4.032351673545067072e+00 1.000000000000000000e+00
3.145660742584232228e+00 4.103894875086349536e+00 1.000000000000000000e+00
3.068882779147686257e+00 4.174039897698902379e+00 1.000000000000000000e+00
2.990555054861315565e+00 4.242752287149324175e+00 1.000000000000000000e+00
2.910704225991097349e+00 4.309998067470663941e+00 1.000000000000000000e+00
2.829357688789126524e+00 4.375743757149066937e+00 1.000000000000000000e+00
2.746543570352649510e+00 4.439956385149476326e+00 1.000000000000000000e+00
2.662290719137736961e+00 4.502603506772948627e+00 1.000000000000000000e+00
2.576628695130617430e+00 4.563653219338249301e+00 1.000000000000000000e+00
2.489587759680065293e+00 4.623074177680255303e+00 1.000000000000000000e+00
2.401198864994131821e+00 4.680835609457949076e+00 1.000000000000000000e+00
2.311493643304815659e+00 4.736907330264759075e+00 1.000000000000000000e+00
2.220504395704435030e+00 4.791259758534049062e+00 1.000000000000000000e+00
2.128264080657444879e+00 4.843863930232731541e+00 1.000000000000000000e+00
2.034806302191877858e+00 4.894691513335900801e+00 1.000000000000000000e+00
1.940165297774507192e+00 4.943714822075574666e+00 1.000000000000000000e+00
1.844375925873987576e+00 4.990906830956728157e+00 1.000000000000000000e+00
1.747473653216591982e+00 5.036241188533748137e+00 1.000000000000000000e+00
1.649494541739046971e+00 5.079692230940664466e+00 1.000000000000000000e+00
1.550475235243265137e+00 5.121234995168557624e+00 1.000000000000000000e+00
1.450452945757929824e+00 5.160845232083578260e+00 1.000000000000000000e+00
1.349465439611843731e+00 5.198499419179227310e+00 1.000000000000000000e+00
1.247551023224407807e+00 5.234174773056510688e+00 1.000000000000000000e+00
1.144748528618413808e+00 5.267849261625785040e+00 1.000000000000000000e+00
1.041097298660716097e+00 5.299501616024152817e+00 1.000000000000000000e+00
9.366371720362370867e-01 5.329111342242447869e+00 1.000000000000000000e+00
8.314084679612077089e-01 5.356658732455843008e+00 1.000000000000000000e+00
7.254519706413579128e-01 5.382124876052349016e+00 1.000000000000000000e+00
6.188089134811475267e-01 5.405491670353504752e+00 1.000000000000000000e+00
5.115209630499949478e-01 5.426741831021735685e+00 1.000000000000000000e+00
4.036302028119220786e-01 5.445858902148920322e+00 1.000000000000000000e+00
2.951791166248139420e-01 5.462827266020877204e+00 1.000000000000000000e+00
1.862105720158747368e-01 5.477632152552592615e+00 1.000000000000000000e+00
7.676780323970835984e-02 5.490259648389143265e+00 1.000000000000000000e+00
-3.310560587408906130e-02 5.500696705667376563e+00 1.000000000000000000e+00
-1.433657392771645334e-01 5.508931150433596713e+00 1.000000000000000000e+00
-2.539683662555122234e-01 5.514951690712578625e+00 1.000000000000000000e+00
-3.648689591723805470e-01 5.518747924223426971e+00 1.000000000000000000e+00
-4.760227113940124211e-01 5.520310345737901692e+00 1.000000000000000000e+00
-5.873845553908163541e-01 5.519630354076987544e+00 1.000000000000000000e+00
-6.989091810067434851e-01 5.516700258741642493e+00 1.000000000000000000e+00
-8.105510538895568384e-01 5.511513286173774340e+00 1.000000000000000000e+00
-9.222644340743079150e-01 5.504063585643701906e+00 1.000000000000000000e+00
-1.034003394712591284e+00 5.494346234760432601e+00 1.000000000000000000e+00
-1.145721840939857294e+00 5.482357244601320900e+00 1.000000000000000000e+00
-1.257373528872995472e+00 5.468093564457778832e+00 1.000000000000000000e+00
-1.368912084730505629e+00 5.451553086193858810e+00 1.000000000000000000e+00
-1.480291024067168282e+00 5.432734648214752937e+00 1.000000000000000000e+00
-1.591463771115402048e+00 5.411638039042331982e+00 1.000000000000000000e+00
-1.702383678225153796e+00 5.388264000495084360e+00 1.000000000000000000e+00
-1.813004045394380093e+00 5.362614230469893606e+00 1.000000000000000000e+00
-1.923278139881761772e+00 5.334691385323376167e+00 1.000000000000000000e+00
-2.033159215893592719e+00 5.304499081850551967e+00 1.000000000000000000e+00
-2.142600534336449147e+00 5.272041898858870645e+00 1.000000000000000000e+00
-2.251555382627476565e+00 5.237325378335722981e+00 1.000000000000000000e+00
-2.359977094553729060e+00 5.200356026207803239e+00 1.000000000000000000e+00
-2.467819070172298623e+00 5.161141312690819660e+00 1.000000000000000000e+00
-2.575034795742673577e+00 5.119689672228227018e+00 1.000000000000000000e+00
-2.681577863682980123e+00 5.076010503017817754e+00 1.000000000000000000e+00
-2.787401992541401086e+00 5.030114166125247976e+00 1.000000000000000000e+00
-2.892461046974359018e+00 4.982011984183655429e+00 1.000000000000000000e+00
-2.996709057722834135e+00 4.931716239678778813e+00 1.000000000000000000e+00
-3.100100241578186200e+00 4.879240172819148569e+00 1.000000000000000000e+00
-3.202589021328982266e+00 4.824597978991030267e+00 1.000000000000000000e+00
-3.304130045680035987e+00 4.767804805798116163e+00 1.000000000000000000e+00
-3.404678209135099554e+00 4.708876749686030649e+00 1.000000000000000000e+00
-3.504188671834627566e+00 4.647830852151875192e+00 1.000000000000000000e+00
-3.602616879339799461e+00 4.584685095539367872e+00 1.000000000000000000e+00
-3.699918582354281504e+00 4.519458398420128198e+00 1.000000000000000000e+00
-3.796049856375026454e+00 4.452170610561975828e+00 1.000000000000000000e+00
-3.890967121263436912e+00 4.382842507485236183e+00 1.000000000000000000e+00
-3.984627160728386741e+00 4.311495784608177395e+00 1.000000000000000000e+00
-4.076987141712317353e+00 4.238153050983030745e+00 1.000000000000000000e+00
-4.168004633671952064e+00 4.162837822624054773e+00 1.000000000000000000e+00
-4.257637627744952802e+00 4.085574515429436282e+00 1.000000000000000000e+00
-4.345844555794111663e+00 4.006388437698810812e+00 1.000000000000000000e+00
-4.432584309320398042e+00 3.925305782248632358e+00 1.000000000000000000e+00
-4.517816258236506677e+00 3.842353618127531067e+00 1.000000000000000000e+00
-4.601500269492381001e+00 3.757559881934189328e+00 1.000000000000000000e+00
-4.683596725544425077e+00 3.670953368740219602e+00 1.000000000000000000e+00
-4.764066542659902481e+00 3.582563722621001645e+00 1.000000000000000000e+00
-4.842871189048336689e+00 3.492421426797313710e+00 1.000000000000000000e+00
-4.919972702811575616e+00 3.400557793391002281e+00 1.000000000000000000e+00
-4.995333709704440572e+00 3.307004952797878872e+00 1.000000000000000000e+00
-5.068917440697670251e+00 3.211795842681490321e+00 1.000000000000000000e+00
-5.140687749335222101e+00 3.114964196591316625e+00 1.000000000000000000e+00
-5.210609128877861096e+00 3.016544532209265661e+00 1.000000000000000000e+00
-5.278646729225099143e+00 2.916572139228511773e+00 1.000000000000000000e+00
-5.344766373607706456e+00 2.815083066868726558e+00 1.000000000000000000e+00
-5.408934575042902537e+00 2.712114111032216002e+00 1.000000000000000000e+00
-5.471118552544618652e+00 2.607702801105331591e+00 1.000000000000000000e+00
-5.531286247081168561e+00 2.501887386409933356e+00 1.000000000000000000e+00
-5.589406337272877501e+00 2.394706822309591754e+00 1.000000000000000000e+00
-5.645448254822134082e+00 2.286200755975712262e+00 1.000000000000000000e+00
-5.699382199668636240e+00 2.176409511818581333e+00 1.000000000000000000e+00
-5.751179154862513521e+00 2.065374076588767149e+00 1.000000000000000000e+00
-5.800810901148284238e+00 1.953136084154182051e+00 1.000000000000000000e+00
-5.848250031252528736e+00 1.839737799958620412e+00 1.000000000000000000e+00
-5.893469963868440686e+00 1.725222105167395048e+00 1.000000000000000000e+00
-5.936444957330385463e+00 1.609632480506103080e+00 1.000000000000000000e+00
-5.977150122971868207e+00 1.493012989798435664e+00 1.000000000000000000e+00
-6.015561438160246688e+00 1.375408263209438875e+00 1.000000000000000000e+00
-6.051655759001808299e+00 1.256863480200428596e+00 1.000000000000000000e+00
-6.085410832710858031e+00 1.137424352202168087e+00 1.000000000000000000e+00
-6.116805309636665022e+00 1.017137105012781761e+00 1.000000000000000000e+00
-6.145818754942148132e+00 8.960484609273763335e-01 1.000000000000000000e+00
-6.172431659928427017e+00 7.742056206061067591e-01 1.000000000000000000e+00
-6.196625452999407813e+00 6.516562446878411130e-01 1.000000000000000000e+00
-6.218382510260800800e+00 5.284484351564111559e-01 1.000000000000000000e+00
-6.237686165748002054e+00 4.046307164669432077e-01 1.000000000000000000e+00
-6.254520721277535777e+00 2.802520164395018720e-01 1.000000000000000000e+00
-6.268871455916789515e+00 1.553616469276974388e-01 1.000000000000000000e+00
-6.280724635067030270e+00 3.000928426971681551e-02 1.000000000000000000e+00
