2.6223 2.3994 1.2616 2.0000
4.0669 3.2032 2.9034 1.0000
0.7303 0.8622 0.6451 0.0000
3.1691 3.3259 1.0007 2.0000
2.7599 3.4681 1.4046 2.0000
3.3863 2.1692 3.2241 1.0000
2.7392 2.9634 0.3513 2.0000
3.1884 2.7271 2.0577 1.0000
2.5159 3.4157 1.2440 2.0000
2.7816 2.1785 2.7970 1.0000
0.6552 0.7722 1.0087 0.0000
2.9398 2.2603 0.8339 2.0000
3.3240 2.4305 0.3928 2.0000
0.8511 0.8455 0.1620 0.0000
3.5172 2.5019 2.3910 1.0000
2.2165 2.7743 3.1328 1.0000
2.8453 2.9857 0.8376 2.0000
3.1597 2.9311 0.5214 2.0000
1.0053 1.8929 1.0635 0.0000
3.6989 3.0276 1.1495 2.0000
2.8038 1.4769 3.2717 1.0000
3.8243 2.2250 0.7721 2.0000
2.8175 2.1043 2.9707 1.0000
2.6047 2.5463 1.1121 2.0000
3.6430 2.2465 3.3382 1.0000
2.5402 4.3215 1.2701 2.0000
3.2024 3.1119 3.1648 1.0000
0.9142 1.3859 1.4118 0.0000
1.0775 1.1891 0.5561 0.0000
2.6697 3.1049 0.3797 2.0000
3.0863 3.0105 3.0497 1.0000
2.4772 2.4576 1.5587 2.0000
2.8124 2.3869 3.0917 1.0000
0.1369 1.0887 0.7991 0.0000
1.4345 1.1384 0.5144 0.0000
0.1469 1.9754 0.7452 0.0000
0.1849 1.2314 0.5464 0.0000
3.1422 3.2077 0.4843 2.0000
1.5633 0.4600 0.4263 0.0000
1.0710 0.8403 1.3458 0.0000
2.9700 2.6000 0.8900 2.0000
3.1907 3.0337 1.0082 2.0000
2.4513 3.8562 0.6039 2.0000
1.7327 2.3124 1.2505 2.0000
2.8073 2.1991 2.5564 1.0000
0.6540 1.7682 1.1432 0.0000
3.8355 2.9719 2.9993 1.0000
3.1128 3.6946 4.0070 1.0000
3.7369 3.1945 1.5855 2.0000
1.0710 1.7600 1.8598 0.0000
3.2406 4.3797 2.9627 1.0000
1.4003 1.0391 0.8024 0.0000
2.6718 1.5827 4.0584 1.0000
2.8367 2.9959 0.7387 2.0000
0.2085 1.3052 0.4056 0.0000
3.0391 3.7023 1.0732 2.0000
0.6628 1.0159 0.6821 0.0000
3.0249 3.6740 1.4538 2.0000
1.4504 1.2328 0.2319 0.0000
3.1635 3.1650 4.1130 1.0000
2.8269 2.6027 3.0990 1.0000
3.5492 2.9311 1.0127 2.0000
3.2536 2.9419 2.5263 1.0000
2.7678 3.5109 2.7237 1.0000
2.5138 3.6731 0.7663 2.0000
0.7466 0.7018 0.9737 0.0000
2.6057 3.5473 3.1174 1.0000
0.7984 1.6112 1.1041 0.0000
0.6561 0.3930 0.7795 0.0000
3.3543 4.2256 0.8944 2.0000
2.4485 2.9492 3.0096 1.0000
3.0164 1.7086 2.4230 1.0000
1.9210 3.6593 0.8804 2.0000
2.2088 4.1218 0.2886 2.0000
1.1995 -0.3863 1.9780 0.0000
0.4213 0.8439 0.9212 0.0000
2.7960 3.8873 0.8034 2.0000
-0.1117 1.3126 0.1990 0.0000
3.2013 2.1121 1.8346 2.0000
3.0226 4.1698 2.8618 1.0000
2.8498 2.8225 0.0538 2.0000
1.4715 -0.3698 0.7153 0.0000
0.7656 -0.1007 1.0997 0.0000
0.7811 0.7510 1.9648 0.0000
2.9008 3.0471 2.4262 1.0000
3.1356 2.5993 2.6764 1.0000
0.7824 1.9246 1.3361 0.0000
0.4219 1.3906 1.7472 0.0000
3.8303 2.2917 -0.4011 2.0000
1.2010 1.9416 0.3261 0.0000
3.2057 2.7584 1.0013 2.0000
3.8481 2.9926 3.4107 1.0000
3.6963 3.5188 1.0094 2.0000
3.1204 3.1446 3.2064 1.0000
3.5195 3.2395 0.6109 2.0000
0.0319 1.0944 1.2619 0.0000
2.9189 3.3847 1.1653 2.0000
3.3770 2.6875 0.8048 2.0000
2.4301 3.3925 2.7228 1.0000
0.8803 1.5498 1.3276 0.0000
0.8660 1.4012 1.4736 0.0000
2.8965 2.6610 1.3770 2.0000
2.0322 0.9447 1.5101 0.0000
2.9549 3.3658 0.9673 2.0000
3.3840 3.2949 2.8181 1.0000
3.3844 2.7893 0.7653 2.0000
1.1565 0.5730 -0.2765 0.0000
0.6576 0.5646 0.7106 0.0000
3.4476 3.6875 2.3339 1.0000
1.2836 0.8887 0.8233 0.0000
2.9282 2.8090 3.1798 1.0000
2.3602 2.7073 2.8692 1.0000
3.3400 2.6518 2.8548 1.0000
1.4222 0.4999 0.2276 0.0000
2.3135 2.4661 1.8806 2.0000
3.0737 2.5113 1.4397 2.0000
2.6710 3.2342 3.8679 1.0000
3.3600 2.0879 3.1518 1.0000
0.9202 0.9331 1.5389 0.0000
2.7462 2.4741 4.2486 1.0000
2.9883 3.5396 1.9979 1.0000
3.0430 3.3760 1.2815 2.0000
2.5976 4.1733 2.3604 1.0000
3.0964 2.4215 1.3853 2.0000
1.4883 1.1782 1.3533 0.0000
0.1221 1.2255 0.6580 0.0000
2.8475 3.5145 2.9639 1.0000
3.5078 3.3505 0.7913 2.0000
2.7312 3.0496 1.7881 2.0000
1.1350 0.7666 0.2915 0.0000
1.6632 0.6527 0.9252 0.0000
2.5609 3.3497 2.4694 1.0000
2.9793 2.6211 2.9750 1.0000
2.4966 3.8408 2.6039 1.0000
2.7445 3.3874 0.0959 2.0000
0.8230 0.3125 0.6782 0.0000
1.4290 1.5706 1.7333 0.0000
3.3052 3.1430 1.4893 2.0000
0.5935 1.1373 0.5545 0.0000
2.9111 3.1255 1.5274 2.0000
2.7338 3.3225 3.5059 1.0000
1.4001 0.8454 0.8833 0.0000
2.2248 3.2087 2.5278 1.0000
3.0773 3.5208 0.9804 2.0000
2.6088 3.3126 0.5932 2.0000
1.8152 3.4320 1.8802 1.0000
1.4379 0.9424 1.2287 0.0000
2.9348 3.9110 0.9622 2.0000
3.2671 3.1589 1.2174 2.0000
1.1668 1.7470 0.8974 0.0000
3.2564 2.8368 1.3014 2.0000
2.9359 2.8641 1.1086 2.0000
3.7964 2.8707 3.1542 1.0000
0.6739 0.7394 0.0785 0.0000
3.8713 2.8887 2.5435 1.0000
1.3382 1.2883 0.8959 0.0000
4.3403 2.8996 0.5006 2.0000
2.4025 2.7498 1.1264 2.0000
0.4366 0.6347 0.8076 0.0000
2.5505 3.0373 2.4615 1.0000
2.4759 2.5699 1.1642 2.0000
2.3258 3.6325 0.8496 2.0000
3.0299 2.8937 2.6189 1.0000
2.9753 3.1195 0.4998 2.0000
2.9036 2.9833 0.2346 2.0000
3.2287 3.4812 1.3854 2.0000
2.1029 3.6632 2.5177 1.0000
0.7610 0.7602 1.3102 0.0000
0.7682 1.2407 0.2296 0.0000
0.7878 1.4313 -0.3278 0.0000
3.2645 3.1231 3.4318 1.0000
2.2292 4.2972 2.7980 1.0000
3.2493 3.5240 3.1421 1.0000
2.6166 2.4978 0.5009 2.0000
2.9869 2.1559 2.9438 1.0000
0.7668 0.5278 0.7950 0.0000
0.4203 0.9570 1.0971 0.0000
3.0952 2.5741 3.9114 1.0000
1.4747 1.0438 0.3873 0.0000
2.2062 0.5197 0.6034 0.0000
3.3888 2.9821 1.1680 2.0000
1.1574 1.4108 1.0026 0.0000
3.0957 3.4403 0.7730 2.0000
1.1980 0.4535 0.2544 0.0000
2.4299 3.8775 2.9335 1.0000
0.9859 1.2142 1.0333 0.0000
1.2053 1.0720 1.7271 0.0000
0.0096 0.8260 1.0782 0.0000
3.8090 2.5878 1.2113 2.0000
0.9047 0.8026 0.8661 0.0000
4.0117 3.2527 1.1796 2.0000
3.4837 2.9723 2.8680 1.0000
2.9690 3.6296 1.3521 2.0000
3.4800 2.7918 0.8616 2.0000
1.3268 1.4322 0.6289 0.0000
3.6325 3.1057 2.6475 1.0000
2.9277 2.8192 3.5323 1.0000
0.9789 0.5220 0.8270 0.0000
2.8263 2.7094 2.1837 1.0000
3.4163 3.1635 1.8158 2.0000
2.9274 2.6218 1.1508 2.0000
2.3260 2.6192 4.0056 1.0000
3.2195 2.8902 2.4580 1.0000
3.4355 2.5610 1.6481 2.0000
3.1216 3.1952 1.7943 2.0000
3.2105 3.1233 0.6872 2.0000
3.5665 2.0241 2.6701 1.0000
0.9225 1.3070 1.4611 0.0000
2.3981 3.2085 1.3439 2.0000
1.1594 1.4284 0.6745 0.0000
1.7715 0.3536 1.1335 0.0000
1.2469 0.9419 -0.0153 0.0000
4.0661 3.4682 2.9825 1.0000
2.0271 2.5436 3.1098 1.0000
2.7647 2.8915 3.2227 1.0000
0.9630 0.6707 0.7429 0.0000
0.4360 1.1402 0.5034 0.0000
3.6800 2.9548 3.6838 1.0000
0.9075 0.5962 0.2767 0.0000
2.8172 3.4690 3.1484 1.0000
3.5152 1.9763 2.3867 1.0000
2.6840 3.0820 3.0482 1.0000
2.3411 3.2705 0.9574 2.0000
2.8149 2.7731 3.2016 1.0000
3.5200 3.0823 1.4426 2.0000
1.4530 0.5694 1.9550 0.0000
3.5215 3.2070 0.7464 2.0000
1.5940 1.1585 1.4604 0.0000
1.1882 0.4503 1.1491 0.0000
1.1777 1.4073 1.0295 0.0000
2.5410 3.1262 3.4102 1.0000
2.6564 2.9413 3.2331 1.0000
3.2700 3.3662 0.8124 2.0000
3.5620 2.9133 0.7450 2.0000
0.8488 0.4757 0.2900 0.0000
2.2161 2.4104 3.6507 1.0000
1.3492 1.0019 1.4659 0.0000
3.0107 2.5404 3.0964 1.0000
2.7068 2.7712 1.1859 2.0000
0.5177 0.6087 0.9448 0.0000
2.1204 1.9338 0.5114 0.0000
3.3622 3.6926 2.8485 1.0000
3.5407 2.6843 2.8793 1.0000
2.9151 2.9329 1.6107 2.0000
3.2842 2.8336 1.2402 2.0000
-0.1443 1.1257 -0.0082 0.0000
2.0207 2.2768 0.7738 2.0000
2.8297 2.3684 -0.3887 2.0000
0.2811 1.6823 0.6553 0.0000
2.8702 3.1822 3.7357 1.0000
2.3110 2.8440 2.5799 1.0000
2.3258 2.7992 0.7658 2.0000
0.4478 1.0261 0.6302 0.0000
2.4926 2.6988 1.4607 2.0000
2.3408 2.8146 2.5272 1.0000
2.8090 2.8879 2.8489 1.0000
2.5561 3.4682 2.7372 1.0000
2.8466 2.7968 2.5680 1.0000
0.9659 1.8567 0.6276 0.0000
3.0258 3.4336 2.5758 1.0000
2.9139 3.3652 1.5523 2.0000
3.0525 3.0670 0.6937 2.0000
3.3983 2.6710 3.4844 1.0000
2.7994 2.8417 1.2985 2.0000
2.5064 2.7994 0.6000 2.0000
0.8965 1.4401 0.1509 0.0000
3.6380 3.6625 3.1027 1.0000
2.8555 2.0007 0.4270 2.0000
2.2890 3.9990 2.5717 1.0000
0.6599 1.3332 0.7696 0.0000
3.0061 3.7846 3.3452 1.0000
2.1349 0.2728 1.0229 0.0000
1.9718 0.7932 0.6263 0.0000
1.9615 1.7403 1.9338 0.0000
1.8773 3.2820 2.3577 1.0000
3.7167 3.2092 1.2178 2.0000
2.4144 3.3822 0.8658 2.0000
1.1935 0.7446 0.4097 0.0000
1.0316 1.0783 1.1161 0.0000
3.5622 3.3777 3.4337 1.0000
3.2007 3.6124 3.0324 1.0000
0.8598 0.8177 1.0784 0.0000
3.1764 2.9236 2.3507 1.0000
1.5585 0.3420 0.7692 0.0000
3.5759 2.7054 0.7758 2.0000
3.1759 3.1896 2.7650 1.0000
3.1732 3.3871 0.6128 2.0000
2.4507 4.1604 1.0585 2.0000
2.6355 3.0983 3.1774 1.0000
3.1198 2.8151 3.4863 1.0000
3.1356 3.5225 1.2995 2.0000
-0.0350 1.2131 1.3385 0.0000
3.0563 2.6722 1.0338 2.0000
2.4010 3.2033 1.6008 2.0000
3.1544 2.3146 3.4328 1.0000
2.0157 2.6700 3.0879 1.0000
0.6813 0.8014 0.9336 0.0000
3.3616 3.0123 3.3600 1.0000
1.5762 1.5398 0.5933 0.0000
2.9845 3.7894 0.6022 2.0000
0.4829 1.3408 0.5983 0.0000
3.1067 2.3957 2.8790 1.0000
3.3082 3.2683 1.2023 2.0000
2.7342 3.1829 3.6489 1.0000
1.3833 1.1781 0.1157 0.0000
3.1653 3.4746 2.2488 1.0000
0.1918 0.8541 0.6193 0.0000
2.1607 3.1075 1.0486 2.0000
0.9915 1.1896 2.1297 0.0000
2.5311 3.2166 2.7970 1.0000
0.9804 0.4160 1.2616 0.0000
3.4705 3.2026 3.2490 1.0000
0.4910 0.9611 1.1914 0.0000
2.4058 2.6981 0.4252 2.0000
3.1741 3.3316 0.4477 2.0000
2.4453 2.7262 1.3330 2.0000
2.7031 1.9941 1.2949 2.0000
1.0260 1.3645 1.0645 0.0000
1.7567 1.2766 0.9771 0.0000
0.5868 0.9508 0.6683 0.0000
3.0438 3.4694 1.3036 2.0000
2.8916 2.5349 2.9107 1.0000
2.5237 3.8043 0.7192 2.0000
2.5688 3.3113 0.6844 2.0000
3.2936 2.7473 2.5921 1.0000
1.8664 1.3423 1.1854 0.0000
3.6639 2.9494 2.5984 1.0000
3.7591 2.8077 2.7781 1.0000
3.3353 2.6462 3.0199 1.0000
2.9448 2.1697 3.0576 1.0000
2.6136 3.4410 0.3737 2.0000
3.3026 3.4478 2.9340 1.0000
2.8066 2.7449 3.0920 1.0000
1.3805 1.0608 1.2219 0.0000
1.4648 1.2911 -0.0473 0.0000
1.8397 3.1586 3.2600 1.0000
1.8694 1.4972 1.6596 0.0000
2.1916 1.4722 0.5436 0.0000
1.1395 1.1695 2.0105 0.0000
3.5245 4.5855 1.0947 2.0000
2.1946 2.9821 4.1904 1.0000
3.5391 1.7204 3.5907 1.0000
0.2668 1.2605 0.7121 0.0000
2.6997 3.7761 3.1435 1.0000
2.7178 3.4834 1.2540 2.0000
2.8766 2.4603 0.9429 2.0000
0.6638 0.8202 0.5934 0.0000
1.5501 1.6490 2.3481 0.0000
1.2893 1.1748 0.6179 0.0000
2.2594 2.3637 1.7594 2.0000
2.6299 2.7173 1.2380 2.0000
2.7004 3.0165 0.5729 2.0000
0.2641 1.8241 1.0821 0.0000
2.7027 2.8720 0.8260 2.0000
3.9612 1.9425 1.7027 2.0000
3.2269 2.0851 3.0185 1.0000
0.8442 1.0281 0.4174 0.0000
1.1103 0.4850 0.8250 0.0000
1.8820 1.2001 1.4894 0.0000
3.1510 3.3041 1.5575 2.0000
1.2197 1.0833 1.3175 0.0000
2.5513 3.6562 2.5705 1.0000
3.5327 3.4927 1.3835 2.0000
2.8888 2.5705 3.0255 1.0000
3.2625 3.6337 1.2497 2.0000
2.5255 3.0660 0.0097 2.0000
3.1137 2.4916 2.9426 1.0000
1.3736 0.4055 1.3866 0.0000
2.1594 2.5555 3.1211 1.0000
3.3084 3.0043 3.2635 1.0000
2.7392 2.4077 3.4803 1.0000
3.7131 3.4681 1.3392 2.0000
3.2737 2.5931 0.2754 2.0000
2.7877 2.5850 3.7056 1.0000
0.3329 0.3266 1.3469 0.0000
2.2522 4.2632 1.8850 2.0000
2.5886 2.2549 1.7481 2.0000
1.1936 -0.1278 0.4887 0.0000
3.1007 3.2704 0.0910 2.0000
2.5518 2.0186 1.7924 2.0000
2.6400 2.5532 0.9220 2.0000
3.2512 2.5689 1.0803 2.0000
3.1965 2.5305 3.5085 1.0000
1.3857 1.5147 0.5456 0.0000
3.4150 2.7519 2.9626 1.0000
2.5336 3.6217 3.4063 1.0000
3.0115 2.9944 3.0057 1.0000
1.4750 0.9243 0.9484 0.0000
1.3044 0.4774 1.6056 0.0000
2.6171 3.2779 3.0052 1.0000
1.4551 1.1586 1.3932 0.0000
3.2183 3.0964 1.3482 2.0000
2.4784 2.5715 1.3387 2.0000
2.5336 2.3685 3.2262 1.0000
0.7810 0.3736 1.3887 0.0000
3.3779 2.7304 2.6252 1.0000
1.2915 0.8003 1.1850 0.0000
2.9089 2.8986 2.9451 1.0000
1.5027 3.4405 1.9041 2.0000
3.1033 3.2655 1.1196 2.0000
3.7447 3.2607 3.3060 1.0000
3.0235 3.4123 1.2656 2.0000
2.1284 0.6476 1.4716 0.0000
2.5556 3.4684 3.7062 1.0000
1.0472 0.9789 0.8566 0.0000
0.7595 2.1520 0.4700 0.0000
3.0658 2.2972 0.8251 2.0000
0.7804 1.0907 0.7486 0.0000
3.1222 3.7007 2.7948 1.0000
1.1950 0.6738 0.8045 0.0000
3.3177 3.2713 1.3580 2.0000
4.1452 3.8001 0.9056 2.0000
3.4712 2.8662 2.6610 1.0000
0.7533 0.7286 1.2080 0.0000
2.6393 2.7756 0.1279 2.0000
2.0816 1.6683 0.8154 0.0000
2.8375 2.6443 0.8059 2.0000
1.0442 0.8446 1.0487 0.0000
2.2850 2.9692 0.2836 2.0000
1.8298 1.5343 0.7733 0.0000
2.8260 2.3233 2.4837 1.0000
1.7441 1.9479 1.5894 0.0000
1.2469 1.3217 0.2147 0.0000
0.4727 1.4101 1.2316 0.0000
3.7115 3.1980 2.7043 1.0000
2.6661 3.8410 2.5737 1.0000
2.7599 2.7384 1.5106 2.0000
2.8542 2.1295 0.6098 2.0000
2.7939 2.7983 0.0850 2.0000
3.1191 2.2970 2.7050 1.0000
1.3201 0.1915 0.9878 0.0000
3.2645 3.2113 2.3201 1.0000
3.6645 2.5913 2.2993 1.0000
1.3474 0.6372 0.3083 0.0000
1.1512 0.6828 0.8186 0.0000
2.8372 3.2352 3.1557 1.0000
3.1112 2.9558 1.0492 2.0000
0.5588 1.5643 1.2480 0.0000
1.4208 0.8753 1.0247 0.0000
3.6855 2.7451 3.1624 1.0000
1.4263 0.7007 0.4421 0.0000
0.9320 1.5684 1.0489 0.0000
2.7168 2.8462 1.1345 2.0000
1.6151 1.6012 0.8063 0.0000
2.1806 2.6333 2.0748 2.0000
3.4986 3.0153 2.9652 1.0000
3.1294 3.1378 3.7175 1.0000
1.2037 0.6150 1.2696 0.0000
2.9777 3.0975 2.1092 1.0000
2.6521 3.1234 1.7630 2.0000
0.3648 1.4847 0.4134 0.0000
2.3293 3.2384 3.0742 1.0000
1.5697 0.3826 1.2012 0.0000
3.4378 2.3174 1.9735 2.0000
0.4081 -0.3296 1.3032 0.0000
0.9747 0.7412 0.5106 0.0000
3.0259 2.5604 0.8844 2.0000
3.0732 3.2494 0.6310 2.0000
3.1036 3.1539 1.0796 2.0000
1.1700 0.9922 1.0805 0.0000
3.6543 2.9871 1.5726 2.0000
2.7405 2.6231 1.0688 2.0000
2.8209 3.2780 3.4462 1.0000
2.9478 2.5060 2.4112 1.0000
3.4803 3.1129 0.7253 2.0000
2.1112 2.7336 3.5454 1.0000
2.5972 2.4408 2.9345 1.0000
0.7013 0.8810 0.2880 0.0000
3.1128 3.2249 2.9664 1.0000
3.4961 3.9525 0.9926 2.0000
0.9064 1.7664 1.7347 0.0000
2.8104 2.1288 2.3484 1.0000
3.8370 3.0808 1.7817 2.0000
3.2304 3.4619 0.9337 2.0000
0.1931 0.8936 0.5523 0.0000
0.9692 0.9463 0.6402 0.0000
2.5812 2.7044 2.6661 1.0000
2.7324 3.0127 3.5771 1.0000
3.6489 1.8179 3.0102 1.0000
0.6310 1.1400 0.9509 0.0000
3.1889 3.1199 1.0795 2.0000
0.9100 0.4646 1.5272 0.0000
3.3929 2.9713 2.8044 1.0000
2.9159 3.1890 1.6622 2.0000
1.3449 1.6509 0.6860 0.0000
3.4432 2.8639 1.1424 2.0000
1.0193 0.1716 0.5072 0.0000
2.7888 3.0524 1.1140 2.0000
3.0489 2.7759 2.6753 1.0000
3.2205 3.0894 2.6003 1.0000
3.9248 2.8929 2.7505 1.0000
2.2691 2.6583 3.1838 1.0000
1.0619 0.9349 1.0470 0.0000
3.8684 2.2767 0.2087 2.0000
0.3467 1.8291 0.9409 0.0000
2.7356 3.0869 1.2833 2.0000
2.9829 3.5482 2.8829 1.0000
2.8412 2.1838 2.9664 1.0000
3.2361 3.4652 2.9123 1.0000
3.5410 2.2775 2.3947 1.0000
