-1.823846205553203426e+00 -1.834311674638068101e+00 1.000000000000000000e+00
-1.655641676198231105e+00 -2.126373732772314007e+00 1.000000000000000000e+00
-1.981484263161183756e+00 -2.390057348300627105e+00 1.000000000000000000e+00
-2.138630323844870951e+00 -1.758427180315132787e+00 1.000000000000000000e+00
-1.980880207768472179e+00 -2.078494911673184564e+00 1.000000000000000000e+00
-1.893752187712972157e+00 -8.876236643919908076e-01 1.000000000000000000e+00
-1.264358146401983074e+00 -2.492991957467017183e+00 1.000000000000000000e+00
-1.347050435208353880e+00 -8.190172273075523313e-01 1.000000000000000000e+00
-1.769664858540224373e+00 -1.112372024013455141e+00 1.000000000000000000e+00
-1.960363648273635961e+00 -1.661839308537881088e+00 1.000000000000000000e+00
-1.537047217239142283e+00 -1.913338026905927025e+00 1.000000000000000000e+00
-1.602531752801898746e+00 -2.265764913932620139e+00 1.000000000000000000e+00
-1.918806589131600848e+00 -1.319622870031401218e+00 1.000000000000000000e+00
-1.694676014957080534e+00 -1.663697679443355781e+00 1.000000000000000000e+00
-1.098574153349524352e+00 -1.577113731729612001e+00 1.000000000000000000e+00
-1.734379652373501557e+00 -9.597978895628810347e-01 1.000000000000000000e+00
-7.930162174109640638e-01 -7.745106569479929259e-01 1.000000000000000000e+00
-1.084140482474914124e+00 -1.174778326180866195e+00 1.000000000000000000e+00
-1.200903763741342667e+00 -2.345388913045988399e+00 1.000000000000000000e+00
-1.404322952438056493e+00 -1.262820225491186443e+00 1.000000000000000000e+00
-2.191896081709513222e+00 -1.307612639008892685e+00 1.000000000000000000e+00
-1.906294183373216988e+00 -2.080886401638027294e+00 1.000000000000000000e+00
-1.501108288758966847e+00 -2.043154016189443034e+00 1.000000000000000000e+00
-1.084373629043184462e+00 -1.284476001261494860e+00 1.000000000000000000e+00
-1.246125141734341080e+00 -2.246791579335058131e+00 1.000000000000000000e+00
-1.264987090467085018e+00 -1.395055570135242728e+00 1.000000000000000000e+00
-1.782174126028653216e+00 -2.032913953381964678e+00 1.000000000000000000e+00
-1.976953927516133636e+00 -1.264718206433102177e+00 1.000000000000000000e+00
-1.395735250210225820e+00 -2.024071662145429329e+00 1.000000000000000000e+00
-1.801318169032482430e+00 -1.189559925898591164e+00 1.000000000000000000e+00
-1.863170669996200068e+00 -2.077491813023401690e+00 1.000000000000000000e+00
-1.773587775197715821e+00 -1.200291946429725476e+00 1.000000000000000000e+00
-9.892784985853303459e-01 -1.935818919213555755e+00 1.000000000000000000e+00
-1.131134913156783162e+00 -2.138427395297795908e+00 1.000000000000000000e+00
-1.484079300174445448e+00 -1.538355086019770557e+00 1.000000000000000000e+00
-1.515526279618177874e+00 -1.437838419876561691e+00 1.000000000000000000e+00
-1.249040127316503046e+00 -9.634776269559703898e-01 1.000000000000000000e+00
-1.411142282238962320e+00 -1.266809319261074096e+00 1.000000000000000000e+00
-1.915161402901133014e+00 -1.744056836596614701e+00 1.000000000000000000e+00
-1.888926666706062685e+00 -1.941335967700058340e+00 1.000000000000000000e+00
-1.637947795306444743e+00 -1.360508558670869395e+00 1.000000000000000000e+00
-8.399742264367131561e-01 -2.122066004983622189e+00 1.000000000000000000e+00
-1.518187685914466512e+00 -1.961015920878200092e+00 1.000000000000000000e+00
-1.296617707905935557e+00 -1.353613403116284530e+00 1.000000000000000000e+00
-1.639352088320052303e+00 -1.651462163055434917e+00 1.000000000000000000e+00
-1.076746825213812597e+00 -9.957825561941023862e-01 1.000000000000000000e+00
-1.348884781185341941e+00 -9.274383122080542829e-01 1.000000000000000000e+00
-1.393326160809047032e+00 -1.497857136905957232e+00 1.000000000000000000e+00
-2.092175905813150827e+00 -8.828386511488298671e-01 1.000000000000000000e+00
-1.253613798969239523e+00 -1.971854519805448902e+00 1.000000000000000000e+00
-1.764622799950990029e+00 -2.217494166494620167e+00 1.000000000000000000e+00
-9.311646650554915583e-01 -6.746896981127028514e-01 1.000000000000000000e+00
-1.465488162489716251e+00 -2.235396208925809702e+00 1.000000000000000000e+00
-1.479292734111977037e+00 -1.949572173380441420e+00 1.000000000000000000e+00
-1.795177158136976647e+00 -1.905477561874441950e+00 1.000000000000000000e+00
-1.221351598617405942e+00 -1.323264960011086178e+00 1.000000000000000000e+00
-1.857580722390870465e+00 -1.546856476238395839e+00 1.000000000000000000e+00
-8.351631118751925431e-01 -5.640825595614942234e-01 1.000000000000000000e+00
-8.392256041591319438e-01 -1.592799390013624805e+00 1.000000000000000000e+00
-5.859752775418113346e-01 -1.034039478444280569e+00 1.000000000000000000e+00
-1.967752115673536473e+00 -1.516146552709594753e+00 1.000000000000000000e+00
-1.526254495130566768e+00 -1.405009814484441177e+00 1.000000000000000000e+00
-2.078393330507271486e+00 -1.207344246459923776e+00 1.000000000000000000e+00
-1.139241105417955424e+00 -1.529836879441412556e+00 1.000000000000000000e+00
-1.696392943406427545e+00 -1.136779605850902763e+00 1.000000000000000000e+00
-1.699242339960975734e+00 -1.264206831047703039e+00 1.000000000000000000e+00
-1.530443123507165826e+00 -2.259439652602582171e+00 1.000000000000000000e+00
-1.227825230918630162e+00 -1.061419490294704726e+00 1.000000000000000000e+00
-1.756194106648245601e+00 -2.002074397708964337e+00 1.000000000000000000e+00
-2.021401809222172385e+00 -1.855868079299882734e+00 1.000000000000000000e+00
-8.755514329446939525e-01 -4.338860745843780009e-01 1.000000000000000000e+00
-5.232786044860878727e-01 -1.558941548573776981e+00 1.000000000000000000e+00
-1.037994996208413401e+00 -1.696268003068106545e+00 1.000000000000000000e+00
-1.627491780976977331e+00 -1.122215186114868590e+00 1.000000000000000000e+00
-1.730809605940252682e+00 -1.729676547102880546e+00 1.000000000000000000e+00
-1.547074291695192061e+00 -1.679663144758395621e+00 1.000000000000000000e+00
-2.230333571810032112e+00 -2.113051724856594760e+00 1.000000000000000000e+00
-1.257263434556219472e+00 -1.264218471859491544e+00 1.000000000000000000e+00
-2.249709605957542546e+00 -1.660896651287760983e+00 1.000000000000000000e+00
-1.420599151545580918e+00 -1.943267664393480310e+00 1.000000000000000000e+00
-1.055408137067967100e+00 -1.630639523960274895e+00 1.000000000000000000e+00
-1.496295094932964753e+00 -1.919740666624175196e+00 1.000000000000000000e+00
-1.154974119799882182e+00 -1.856395461184584539e+00 1.000000000000000000e+00
-1.725312835499517305e+00 -1.538097818071703093e+00 1.000000000000000000e+00
-1.036135737667360779e+00 -1.168127834221236672e+00 1.000000000000000000e+00
-1.084797949748963708e+00 -7.053171606102999203e-01 1.000000000000000000e+00
-7.864194830502573286e-01 -9.684256756096980556e-01 1.000000000000000000e+00
-1.764511513552614819e+00 -1.549302265430505532e+00 1.000000000000000000e+00
-1.839381279444664230e+00 -1.822292218607516112e+00 1.000000000000000000e+00
-1.494874485640152129e+00 -2.376840112704588392e+00 1.000000000000000000e+00
-1.426539924154847538e+00 -2.685346261570158877e+00 1.000000000000000000e+00
-2.428118801225904289e+00 -1.804299992561389399e+00 1.000000000000000000e+00
-1.949691394335962391e+00 -1.333036257641470712e+00 1.000000000000000000e+00
-9.084392498290483342e-01 -6.595072775608429305e-01 1.000000000000000000e+00
-1.536243911317847655e+00 -1.597634844690710931e+00 1.000000000000000000e+00
-1.389336960041903213e+00 -1.912407796100060509e+00 1.000000000000000000e+00
-1.338464010157826456e+00 -1.878229621969517371e+00 1.000000000000000000e+00
-1.426355683566406407e+00 -1.373060524817226069e+00 1.000000000000000000e+00
-5.027355724362728706e-01 -3.752480593400597808e-01 1.000000000000000000e+00
-1.655606646203301002e+00 -1.596196883848938874e+00 1.000000000000000000e+00
-9.665057542831062554e-01 -1.984277312787226633e+00 1.000000000000000000e+00
-2.088037568284208945e+00 -2.313937658650393470e+00 1.000000000000000000e+00
-8.625346096887703817e-01 -7.843493233187233127e-01 1.000000000000000000e+00
-2.192826119920819661e+00 -1.683581219719703093e+00 1.000000000000000000e+00
-1.804903972655626632e+00 -1.691289408409609507e+00 1.000000000000000000e+00
-9.372894230975825636e-01 -1.550110924637230436e+00 1.000000000000000000e+00
-1.574765622335177806e+00 -1.449410204432027172e+00 1.000000000000000000e+00
-1.067787892326261812e+00 -1.560255449713561005e+00 1.000000000000000000e+00
-1.833562024149147707e+00 -1.943038310207567232e+00 1.000000000000000000e+00
-1.011123373199095399e+00 -1.369984136689155640e+00 1.000000000000000000e+00
-1.431662478862944399e+00 -1.719260984839442008e+00 1.000000000000000000e+00
-1.663527793477219241e+00 -1.059250279482558454e+00 1.000000000000000000e+00
-1.129004779412297488e+00 -1.129507035578174889e+00 1.000000000000000000e+00
-1.743580789331137471e+00 -1.034002156281164098e+00 1.000000000000000000e+00
-1.411951961379609211e+00 -1.648963442826125947e+00 1.000000000000000000e+00
-1.778820508983014692e+00 -1.727837202973715680e+00 1.000000000000000000e+00
-1.374262069182399904e+00 -1.256043165542169326e+00 1.000000000000000000e+00
-1.386715679624766162e+00 -1.884540044083793831e+00 1.000000000000000000e+00
-1.297439082088650775e+00 -1.022713497368630486e+00 1.000000000000000000e+00
-1.753503146481262265e+00 -1.306440391276686430e+00 1.000000000000000000e+00
-1.847261509044214822e+00 -1.684233700548025014e+00 1.000000000000000000e+00
-1.451153133651236660e+00 -1.747893182936165246e+00 1.000000000000000000e+00
-1.423630582156771851e+00 -2.259880789763921261e+00 1.000000000000000000e+00
-1.665997128222090673e+00 -2.219061493662608520e+00 1.000000000000000000e+00
-1.537197073259822355e+00 -1.874089869917648699e+00 1.000000000000000000e+00
-1.234886870527370784e+00 -1.049224538614174307e+00 1.000000000000000000e+00
-1.323550760645451740e+00 -1.161822897492538864e+00 1.000000000000000000e+00
-1.051461628322968966e+00 -1.168780907493111476e+00 1.000000000000000000e+00
-9.205630238709057167e-01 -1.696595022166986322e+00 1.000000000000000000e+00
-1.784287828758562178e+00 -1.589044229947083497e+00 1.000000000000000000e+00
-2.255689789492913544e+00 -1.196493066688368634e+00 1.000000000000000000e+00
-2.178188235418058838e+00 -1.657736835821333132e+00 1.000000000000000000e+00
-1.846065001617131385e+00 -1.947196339102957641e+00 1.000000000000000000e+00
-1.313788951284118323e+00 -2.408708067842225908e+00 1.000000000000000000e+00
-2.066201178311675157e+00 -1.464811197837344814e+00 1.000000000000000000e+00
-1.254129363103449357e+00 -1.570373178308785533e+00 1.000000000000000000e+00
-1.781795875119174699e+00 -1.803048837538454574e+00 1.000000000000000000e+00
-9.194705309085827727e-01 -2.352731534857857021e+00 1.000000000000000000e+00
-1.935258838309834140e+00 -1.678858016082004578e+00 1.000000000000000000e+00
-1.142807154500044886e+00 -1.393245160659492221e+00 1.000000000000000000e+00
-1.740262374586166283e+00 -1.041133993690914750e+00 1.000000000000000000e+00
-1.291879864309267933e+00 -8.989608652410135958e-01 1.000000000000000000e+00
-1.780049451418535433e+00 -1.567983677373128160e+00 1.000000000000000000e+00
-1.170087639229149268e+00 -1.548505108833443389e+00 1.000000000000000000e+00
-1.776336401340509408e+00 -1.315656096384449469e+00 1.000000000000000000e+00
-9.991627631531195819e-01 -1.477066908615501273e+00 1.000000000000000000e+00
-8.198601302256741663e-01 -1.097227278273662732e+00 1.000000000000000000e+00
-2.205424603865048461e+00 -1.367604553398164224e+00 1.000000000000000000e+00
-1.285868963052484881e+00 -1.867319392034513914e+00 1.000000000000000000e+00
-1.261086717662934786e+00 -1.431181572086496434e+00 1.000000000000000000e+00
-1.623466676091289029e+00 -1.391820515079882137e+00 1.000000000000000000e+00
-2.166937649711591085e+00 -1.918634284525426947e+00 1.000000000000000000e+00
-1.081546951134939372e+00 -2.276697116399448717e+00 1.000000000000000000e+00
-2.481408665668840996e+00 -1.453003556356388781e+00 1.000000000000000000e+00
-1.574886297114678646e+00 -2.459260286534722617e+00 1.000000000000000000e+00
-7.913907672758513367e-01 -7.823847448627272438e-01 1.000000000000000000e+00
-1.355240238554099363e+00 -1.228703585339242288e+00 1.000000000000000000e+00
-1.515500854541915521e+00 -5.904514157141703690e-01 1.000000000000000000e+00
-1.738818577710208535e+00 -1.155801462798490720e+00 1.000000000000000000e+00
-1.878335442930301191e+00 -1.659821745677892091e+00 1.000000000000000000e+00
-1.428218076494888411e+00 -1.921790878086824250e+00 1.000000000000000000e+00
-9.589739560018303299e-01 -1.007985136104473600e+00 1.000000000000000000e+00
-3.281987069191045769e-01 -1.922145324885280004e+00 1.000000000000000000e+00
-1.618134318059148313e+00 -1.520540487984526345e+00 1.000000000000000000e+00
-1.171742299920647712e+00 -1.523885875366222997e+00 1.000000000000000000e+00
-1.556750966303424466e+00 -1.920340945257106746e+00 1.000000000000000000e+00
-1.275000602936005478e+00 -9.039031844727133391e-01 1.000000000000000000e+00
-1.103315159228413389e+00 -1.239938312595939340e+00 1.000000000000000000e+00
-2.141010164129010018e+00 -1.657419016403814727e+00 1.000000000000000000e+00
-1.242578531434043843e+00 -1.843988702643701627e+00 1.000000000000000000e+00
-1.770138642161810383e+00 -7.163492694441097042e-01 1.000000000000000000e+00
-1.303927314303203300e+00 -1.740966779826107924e+00 1.000000000000000000e+00
-1.223123297225131800e+00 -1.358270963913158269e+00 1.000000000000000000e+00
-2.225135233354001763e+00 -2.285677667880672725e+00 1.000000000000000000e+00
-1.914359479158284971e+00 -1.933386561378811264e+00 1.000000000000000000e+00
-1.907679531728708078e+00 -2.130529989961300608e+00 1.000000000000000000e+00
-1.386029601201230532e+00 -1.821497726699019104e+00 1.000000000000000000e+00
-1.426341002636305477e+00 -2.066123284128831727e+00 1.000000000000000000e+00
-1.222729440123452083e+00 -9.237101259133028153e-01 1.000000000000000000e+00
-1.251277184301735845e+00 -9.747825755691565952e-01 1.000000000000000000e+00
-8.361200628312565053e-01 -1.478657749978402380e+00 1.000000000000000000e+00
-1.523291611831792958e+00 -6.821877421025106525e-01 1.000000000000000000e+00
-1.482595765857672276e+00 -2.330175129790504229e+00 1.000000000000000000e+00
-1.569383762807335714e+00 -1.497326366068119308e+00 1.000000000000000000e+00
-1.356620851540513151e+00 -1.356258577525380593e+00 1.000000000000000000e+00
-1.964913322462321865e+00 -1.308770235175550800e+00 1.000000000000000000e+00
-1.804831887334658713e+00 -1.514981785017919691e+00 1.000000000000000000e+00
-1.309628694166797391e+00 -1.881812778853850565e+00 1.000000000000000000e+00
-1.547108447124531105e+00 -1.464036565189867245e+00 1.000000000000000000e+00
-2.089539635669746875e+00 -7.376998583788805242e-01 1.000000000000000000e+00
-8.980702343048272418e-01 -1.664997553440673350e+00 1.000000000000000000e+00
-1.524312290003149384e+00 -1.661370618939773225e+00 1.000000000000000000e+00
-1.736842039754016742e+00 -2.214537269386692486e+00 1.000000000000000000e+00
-1.885971152732196288e+00 -1.711419591825505293e+00 1.000000000000000000e+00
-1.461768011179058968e+00 -1.173919081481803683e+00 1.000000000000000000e+00
-1.548086102263655839e+00 -6.653422160247619566e-01 1.000000000000000000e+00
-1.493763156148894655e+00 -2.123500640852387988e+00 1.000000000000000000e+00
-1.489187000456769105e+00 -1.196181133676478936e+00 1.000000000000000000e+00
-1.753222265694901472e+00 -1.354215439637314722e+00 1.000000000000000000e+00
-1.934517142167432979e+00 -1.567402238495752886e+00 1.000000000000000000e+00
1.634447399015005464e+00 1.425847190627294037e+00 2.000000000000000000e+00
1.632609833214852424e+00 1.366962875332295546e+00 2.000000000000000000e+00
1.790267687667473462e+00 1.355149368875324667e+00 2.000000000000000000e+00
4.517600949151510115e-01 8.002042189465943256e-01 2.000000000000000000e+00
1.088475652206314148e+00 1.311856270255599366e+00 2.000000000000000000e+00
1.210801205990767793e+00 1.364854153148659321e+00 2.000000000000000000e+00
1.888934041071415493e+00 1.342056078503677474e+00 2.000000000000000000e+00
9.017896129081770518e-01 1.478188572469302686e+00 2.000000000000000000e+00
1.299009425898602021e+00 1.584971416164558278e+00 2.000000000000000000e+00
1.399747948475946302e+00 1.430517855143528472e+00 2.000000000000000000e+00
2.596630803420798550e+00 1.632104382519842467e+00 2.000000000000000000e+00
1.807290277837719339e+00 1.789494277403929967e+00 2.000000000000000000e+00
1.273397820950901593e+00 1.688999906075477009e+00 2.000000000000000000e+00
1.210146569570422548e+00 1.979502170865594879e+00 2.000000000000000000e+00
1.334351985807385121e+00 1.959641833024439617e+00 2.000000000000000000e+00
1.013091499108797144e+00 1.664548099285232841e+00 2.000000000000000000e+00
1.629340743907019329e+00 1.575443214583142959e+00 2.000000000000000000e+00
1.661926870851526017e+00 6.023380689909340058e-01 2.000000000000000000e+00
1.175097017838345081e+00 1.357266241184021505e+00 2.000000000000000000e+00
1.997203133132209096e+00 2.176940551498167231e+00 2.000000000000000000e+00
1.959500121631273517e+00 4.497416674457508368e-01 2.000000000000000000e+00
1.280369377710629752e+00 8.607709333401144525e-01 2.000000000000000000e+00
1.092470140883413432e+00 6.135590106130011101e-01 2.000000000000000000e+00
1.969196352654335680e+00 1.910392038317445529e+00 2.000000000000000000e+00
1.316046319410986154e+00 1.412031181149151493e+00 2.000000000000000000e+00
1.326951001074874403e+00 6.655070992166189914e-01 2.000000000000000000e+00
2.358181510297345351e+00 1.754772907420711459e+00 2.000000000000000000e+00
1.479781750262910034e+00 1.837124372358401425e+00 2.000000000000000000e+00
1.488404500809137332e+00 2.064014153386582784e+00 2.000000000000000000e+00
9.813059124826634116e-01 2.084091854567784452e+00 2.000000000000000000e+00
1.302889052766146971e+00 1.610012706094439361e+00 2.000000000000000000e+00
5.089892617847886491e-01 2.091013912584325229e+00 2.000000000000000000e+00
3.875630659169642112e-01 1.251992774665887431e+00 2.000000000000000000e+00
1.053295190794785618e+00 9.438182538916862763e-01 2.000000000000000000e+00
9.894552742549330704e-01 1.414725951683586169e+00 2.000000000000000000e+00
1.230901149102177516e+00 1.737282756642071879e+00 2.000000000000000000e+00
1.912749666741941024e+00 1.697403597359149696e+00 2.000000000000000000e+00
1.138960276772280400e+00 1.236108964458756176e+00 2.000000000000000000e+00
1.896509299390400471e+00 1.680604453148322852e+00 2.000000000000000000e+00
1.109237232639857851e+00 1.395627632535991092e+00 2.000000000000000000e+00
1.774625522869171856e+00 1.276168967181015912e+00 2.000000000000000000e+00
5.954282074547386783e-01 1.947714988960600024e+00 2.000000000000000000e+00
1.620445161112021415e+00 1.870562480386445348e+00 2.000000000000000000e+00
1.182374091133938210e+00 2.093952192723210537e+00 2.000000000000000000e+00
1.171502649964818010e+00 1.616959063081578885e+00 2.000000000000000000e+00
7.908695735647892633e-01 7.240995555827519636e-01 2.000000000000000000e+00
2.138305311122664865e+00 2.633270874699881858e+00 2.000000000000000000e+00
1.603298473863113971e+00 1.089219249056384564e+00 2.000000000000000000e+00
1.659474544239200933e+00 2.114206662671636927e+00 2.000000000000000000e+00
1.872507540326878273e+00 1.561598762324556411e+00 2.000000000000000000e+00
1.377999012949487900e+00 1.633249828672250326e+00 2.000000000000000000e+00
9.861763745285110350e-01 1.611214315195214297e+00 2.000000000000000000e+00
1.942077564628526876e+00 1.150931876524502240e+00 2.000000000000000000e+00
1.395591092969742375e+00 6.247727137559774269e-01 2.000000000000000000e+00
1.426768906261266734e+00 9.696770059258353891e-01 2.000000000000000000e+00
2.101061921996803861e+00 6.212149466175911350e-01 2.000000000000000000e+00
1.047942179119107697e+00 1.664805707640682364e+00 2.000000000000000000e+00
1.392164069690846162e+00 1.244160897666254595e+00 2.000000000000000000e+00
1.304224554170462680e+00 1.540016072720482576e+00 2.000000000000000000e+00
7.506206159976825942e-01 5.185717804779619300e-01 2.000000000000000000e+00
1.953523073358552242e+00 9.098198214998282074e-01 2.000000000000000000e+00
1.560214719896765079e+00 1.838292421521677600e+00 2.000000000000000000e+00
1.250191547035409689e+00 8.291656399077076411e-01 2.000000000000000000e+00
1.229194388082005762e+00 1.477631031498459757e+00 2.000000000000000000e+00
1.746929062262452481e+00 9.756418981780470290e-01 2.000000000000000000e+00
2.258901832330739712e+00 2.022460430313345547e+00 2.000000000000000000e+00
6.400736812006846410e-01 1.412281968294143208e+00 2.000000000000000000e+00
1.836460756597477317e+00 2.576134668811123962e+00 2.000000000000000000e+00
1.994332424571054529e+00 2.481563373174968667e+00 2.000000000000000000e+00
1.879620978863101755e+00 2.029616486563264210e+00 2.000000000000000000e+00
2.082951802516137985e+00 1.732476952522950864e+00 2.000000000000000000e+00
2.530704103692027473e+00 2.515906378756037398e+00 2.000000000000000000e+00
1.069653691478909874e+00 1.447093627999858079e+00 2.000000000000000000e+00
1.779474785185882757e+00 1.553462401410814264e+00 2.000000000000000000e+00
1.603374333868667012e+00 1.734673179222377293e+00 2.000000000000000000e+00
1.294280764083090007e+00 1.708638273369477822e+00 2.000000000000000000e+00
1.508222850381590652e+00 1.028949496032506072e+00 2.000000000000000000e+00
2.060654441900080514e+00 1.349027567266800176e+00 2.000000000000000000e+00
1.367395980916213727e+00 2.036960972317498175e+00 2.000000000000000000e+00
2.270887459090303651e+00 2.216136715517865952e+00 2.000000000000000000e+00
1.740791044770943374e+00 1.885798335412146809e+00 2.000000000000000000e+00
1.584336342341078563e+00 1.148604165762320939e+00 2.000000000000000000e+00
1.419347795715518501e+00 1.054010980194156621e+00 2.000000000000000000e+00
1.585714335570307609e+00 8.911742135754648908e-01 2.000000000000000000e+00
1.258153318643487451e+00 1.855790861619126986e+00 2.000000000000000000e+00
2.325997299762307957e+00 1.286802930856864036e+00 2.000000000000000000e+00
1.321722512864626831e+00 1.807744205488257982e+00 2.000000000000000000e+00
1.277650133877259897e+00 1.730315299680361463e+00 2.000000000000000000e+00
2.214219242955771882e+00 1.768180180303000615e+00 2.000000000000000000e+00
9.805939613115345344e-01 1.483797748277058348e+00 2.000000000000000000e+00
1.237813329076267843e+00 2.370817729685065434e+00 2.000000000000000000e+00
1.642628664443946285e+00 1.487719615469406342e+00 2.000000000000000000e+00
6.363432564168158834e-01 7.420061843792158385e-01 2.000000000000000000e+00
1.526543280075281173e+00 9.637580939529091228e-01 2.000000000000000000e+00
1.549323323883357695e+00 2.216710413090533294e+00 2.000000000000000000e+00
1.128532513813359284e+00 1.589759627895627636e+00 2.000000000000000000e+00
1.668766534790944611e+00 1.420117768758107690e+00 2.000000000000000000e+00
1.267811469078469644e+00 1.637894388977147564e+00 2.000000000000000000e+00
1.197997442012254554e+00 6.857073270041231794e-01 2.000000000000000000e+00
1.522145646723564116e+00 9.641158766951980486e-01 2.000000000000000000e+00
1.422119265758665652e+00 7.264564257472165831e-01 2.000000000000000000e+00
2.071356717107481593e+00 2.099226393560703841e+00 2.000000000000000000e+00
1.052212808776732178e+00 1.598185559638574338e+00 2.000000000000000000e+00
1.302475843161796432e+00 1.185468814436447138e+00 2.000000000000000000e+00
7.848960257191550660e-02 8.594788280390371904e-01 2.000000000000000000e+00
1.648808889525486876e+00 7.434731488640077268e-01 2.000000000000000000e+00
1.155293212129415936e+00 1.782792995673476932e+00 2.000000000000000000e+00
1.468465603359605076e+00 1.804254759774751360e+00 2.000000000000000000e+00
2.033581816165470180e+00 1.181417230088553261e+00 2.000000000000000000e+00
1.780245319668794846e+00 1.766064886858212279e+00 2.000000000000000000e+00
1.136521609765900775e+00 7.978934928336604004e-01 2.000000000000000000e+00
1.486704259192259459e+00 1.614100781990093436e+00 2.000000000000000000e+00
1.838314390121389863e+00 1.877592156227790632e+00 2.000000000000000000e+00
1.202708942667479963e+00 7.630410628392095829e-01 2.000000000000000000e+00
1.810588234170590782e+00 1.576887216234058808e+00 2.000000000000000000e+00
2.540506529895034227e+00 6.491989232629243878e-01 2.000000000000000000e+00
7.018588216170109639e-01 5.908948064600714201e-01 2.000000000000000000e+00
2.368077374951961911e+00 1.997777967628723506e+00 2.000000000000000000e+00
1.411633200858208426e+00 1.457958168745810079e+00 2.000000000000000000e+00
1.065691011548959066e+00 1.385393081148796224e+00 2.000000000000000000e+00
3.747664015098954859e-01 9.646087997518707491e-01 2.000000000000000000e+00
1.587819568447099039e+00 7.744568162037743786e-01 2.000000000000000000e+00
1.718036570393473905e+00 1.723070237044470154e+00 2.000000000000000000e+00
1.770676029134503171e+00 9.880318677809739603e-01 2.000000000000000000e+00
1.743205682646233434e+00 6.386693017777564929e-01 2.000000000000000000e+00
1.030051993909506081e+00 1.072107407357603570e+00 2.000000000000000000e+00
1.570572056198472177e+00 2.192796530624506079e+00 2.000000000000000000e+00
1.417006842393540023e+00 1.962840585101393476e+00 2.000000000000000000e+00
1.665013355961020514e+00 8.651271257174233398e-01 2.000000000000000000e+00
1.546717209021624795e+00 1.301950865189060558e+00 2.000000000000000000e+00
1.789683028059013026e+00 1.811616798390749628e+00 2.000000000000000000e+00
1.626088532628240824e+00 1.495203963633126909e+00 2.000000000000000000e+00
1.549276412284050997e+00 7.292892283367088391e-01 2.000000000000000000e+00
1.236413766284992777e+00 1.301497222417723254e+00 2.000000000000000000e+00
1.606103990653757974e+00 1.908363627811582086e+00 2.000000000000000000e+00
3.436188785624698649e-01 1.149425238140705297e+00 2.000000000000000000e+00
1.012217665094548025e+00 1.652273871339373645e+00 2.000000000000000000e+00
1.546537146398723195e+00 1.470956808121097303e+00 2.000000000000000000e+00
1.744688743558902022e+00 1.757029215297301938e+00 2.000000000000000000e+00
9.497855734924288695e-01 1.882546371867346746e+00 2.000000000000000000e+00
1.444251070242976498e+00 2.088697242220225458e+00 2.000000000000000000e+00
1.009670699108909053e+00 1.315325793645121255e+00 2.000000000000000000e+00
1.630240405624261868e+00 1.473923502943894848e+00 2.000000000000000000e+00
1.294689283332449925e+00 5.047528471101357939e-01 2.000000000000000000e+00
1.044522816338306681e+00 2.019217795266129656e+00 2.000000000000000000e+00
9.260993133884982687e-01 1.334017029286167944e+00 2.000000000000000000e+00
2.396170734006760838e+00 1.863596787035109337e+00 2.000000000000000000e+00
1.766255448649024506e+00 1.303953807304087054e+00 2.000000000000000000e+00
2.136733256269027770e+00 2.139651461927742027e+00 2.000000000000000000e+00
1.926896850988007115e+00 1.830447781981041189e+00 2.000000000000000000e+00
9.899427972379173379e-01 1.452029101915278009e+00 2.000000000000000000e+00
2.219525977360676805e+00 1.835540199211621148e+00 2.000000000000000000e+00
1.428660741841572879e+00 8.822597970564289849e-01 2.000000000000000000e+00
1.976668328581205447e+00 1.870584680308333025e+00 2.000000000000000000e+00
4.522942433561851772e-01 1.213760879416439620e+00 2.000000000000000000e+00
1.054694251566943075e+00 1.660924047942888171e+00 2.000000000000000000e+00
1.332785869054607497e+00 1.222409518998317512e+00 2.000000000000000000e+00
1.353940603583959845e+00 1.459792003191827003e+00 2.000000000000000000e+00
2.092091235229635249e+00 1.990215821863181578e+00 2.000000000000000000e+00
1.514560437707397123e+00 1.637858527499146399e+00 2.000000000000000000e+00
1.234828249515301568e+00 8.726130054302361216e-01 2.000000000000000000e+00
1.416867657097366617e+00 1.920640993813279573e+00 2.000000000000000000e+00
1.760164320203968735e+00 2.114213792511432821e+00 2.000000000000000000e+00
1.459312640831530672e+00 1.728384853345305006e+00 2.000000000000000000e+00
1.751865015764137556e+00 1.419176729854897179e+00 2.000000000000000000e+00
1.387051916070516366e+00 6.685076730139787315e-01 2.000000000000000000e+00
8.786349230051619941e-01 2.886601275098699126e-01 2.000000000000000000e+00
2.307924884823586709e+00 2.285665326265255537e+00 2.000000000000000000e+00
2.325476545244040238e+00 2.094769248726243926e+00 2.000000000000000000e+00
1.974270945067959193e+00 2.049288709862669755e+00 2.000000000000000000e+00
1.734972339544992082e+00 6.480895323311305356e-01 2.000000000000000000e+00
1.537473487702943453e+00 1.497559983837873476e+00 2.000000000000000000e+00
1.719853165294878306e+00 1.683864725454511380e+00 2.000000000000000000e+00
6.937183261667464462e-01 1.443569256576727522e+00 2.000000000000000000e+00
1.774718666996381700e+00 1.278915967933821340e+00 2.000000000000000000e+00
2.099692807877240774e+00 1.804066798126695126e+00 2.000000000000000000e+00
1.482923125773692785e+00 1.371028322420972945e+00 2.000000000000000000e+00
2.421914069318462648e+00 1.900042305164482803e+00 2.000000000000000000e+00
1.357047188513993197e+00 1.099352151472298367e+00 2.000000000000000000e+00
1.938512244030278886e+00 2.152750260460730480e+00 2.000000000000000000e+00
6.936296259368752715e-01 1.279623596999748925e+00 2.000000000000000000e+00
1.773526197747980149e+00 1.352427774853392162e+00 2.000000000000000000e+00
2.402611816402052458e+00 9.079945566459426409e-01 2.000000000000000000e+00
6.425788236895040306e-01 1.445380023617681697e+00 2.000000000000000000e+00
2.215636521568949746e+00 1.634473578608335531e+00 2.000000000000000000e+00
1.232120391906695644e+00 6.270503218857857997e-01 2.000000000000000000e+00
1.510520594848568043e+00 1.525291627018669605e+00 2.000000000000000000e+00
1.237863381610899483e+00 7.731346002022951858e-01 2.000000000000000000e+00
1.190828237587172600e+00 7.484282231456071965e-01 2.000000000000000000e+00
1.774712838806892012e+00 1.625451604956168694e+00 2.000000000000000000e+00
1.603409429965420019e+00 1.594405679307210777e+00 2.000000000000000000e+00
1.252578141854732818e+00 9.039878451213867461e-01 2.000000000000000000e+00
7.512460919014615213e-01 1.516475236540563598e+00 2.000000000000000000e+00
1.541310604953502805e+00 1.217317147387860565e+00 2.000000000000000000e+00
1.238745498596344419e+00 1.781139526790094241e+00 2.000000000000000000e+00
1.897223079881707797e+00 1.124516181180915231e+00 2.000000000000000000e+00
4.243999641084539309e-01 1.262975932955784364e+00 2.000000000000000000e+00
1.578763283189567268e+00 8.935830531929014331e-01 2.000000000000000000e+00
1.777461738024172178e+00 1.584011223382455702e+00 2.000000000000000000e+00
2.183189385533558013e+00 1.676815063952675100e+00 2.000000000000000000e+00
-1.446483124937287146e+00 1.389801501109431792e+00 3.000000000000000000e+00
-9.938748302635365128e-01 2.773620026330911870e+00 3.000000000000000000e+00
-7.889737123181478351e-01 1.965245999965002266e+00 3.000000000000000000e+00
-1.384129700678401020e+00 2.066933322119864691e+00 3.000000000000000000e+00
-1.005828035300029732e+00 1.828218255364161715e+00 3.000000000000000000e+00
-1.324760524607975665e+00 9.718988710432616696e-01 3.000000000000000000e+00
-2.112078619371364319e+00 9.747491394066205572e-01 3.000000000000000000e+00
-1.886120320614807389e+00 1.031529903324441388e+00 3.000000000000000000e+00
-1.053180212611450894e+00 1.513497952556655868e+00 3.000000000000000000e+00
-1.590092406923159229e+00 1.702616755277972516e+00 3.000000000000000000e+00
-1.668514919783157024e+00 2.051638876076287588e+00 3.000000000000000000e+00
-9.463485313304187407e-01 1.597694659849171028e+00 3.000000000000000000e+00
-1.419269128398045421e+00 1.779161062821353223e+00 3.000000000000000000e+00
-1.201336156789354792e+00 1.998412692376056565e+00 3.000000000000000000e+00
-1.686375583831503322e+00 2.093499642836115893e+00 3.000000000000000000e+00
-1.139337898496227242e+00 1.762769951876633545e+00 3.000000000000000000e+00
-1.451599168333144840e+00 9.562494505196694750e-01 3.000000000000000000e+00
-1.041041417014551884e+00 1.487270594578872229e+00 3.000000000000000000e+00
-1.339224675695243727e+00 1.975429421928917684e+00 3.000000000000000000e+00
-1.569808070190582105e+00 1.292184208631810716e+00 3.000000000000000000e+00
-1.702361331985209780e+00 2.164755748197559448e+00 3.000000000000000000e+00
-1.503121406143330674e+00 2.125152017798514592e+00 3.000000000000000000e+00
-2.004131245618863577e+00 1.032608851860451482e+00 3.000000000000000000e+00
-1.865269543821521214e+00 2.442683704220627749e+00 3.000000000000000000e+00
-2.276805509905157177e+00 9.784349282966774419e-01 3.000000000000000000e+00
-1.302705752453039878e+00 2.201281888039614110e+00 3.000000000000000000e+00
-1.400448782228720823e+00 2.267168976797783841e+00 3.000000000000000000e+00
-1.911698873796321418e+00 7.366171858194013877e-01 3.000000000000000000e+00
-1.501690223863540119e+00 1.331474883238475515e+00 3.000000000000000000e+00
-1.516118820134039646e+00 1.591107939508966007e+00 3.000000000000000000e+00
-1.695922480987174241e+00 1.412448794918609529e+00 3.000000000000000000e+00
-1.756165524229878372e+00 9.802601835642102968e-01 3.000000000000000000e+00
-1.557734249852357422e+00 1.716079024914786810e+00 3.000000000000000000e+00
-9.302644485716157208e-01 1.293549526800248817e+00 3.000000000000000000e+00
-1.520591592051446117e+00 1.752901700301312538e+00 3.000000000000000000e+00
-2.039807267765966881e+00 1.966213568638411457e+00 3.000000000000000000e+00
-1.520766973725273585e+00 1.797290537146799538e+00 3.000000000000000000e+00
-1.267665330350675301e+00 1.028236437001336157e+00 3.000000000000000000e+00
-1.574288365274624679e+00 1.570383761223096863e+00 3.000000000000000000e+00
-1.701864527580700059e+00 2.445832803506533093e+00 3.000000000000000000e+00
-2.120123446247553112e+00 9.395274580258060615e-01 3.000000000000000000e+00
-1.252822748886772031e+00 2.081627113514393113e+00 3.000000000000000000e+00
-1.520532991422109736e+00 1.161396698261470073e+00 3.000000000000000000e+00
-1.212142469303625569e+00 1.608630183417857129e+00 3.000000000000000000e+00
-1.468844332580847345e+00 1.928441731077310095e+00 3.000000000000000000e+00
-1.195790734457108595e+00 1.576249915084158681e+00 3.000000000000000000e+00
-1.468071033366569633e+00 1.394433921477059357e+00 3.000000000000000000e+00
-1.771432814952233148e+00 1.435279801847844094e+00 3.000000000000000000e+00
-1.551344669362683337e+00 1.516878982435943879e+00 3.000000000000000000e+00
-1.760871340620377090e+00 1.939466539312349802e+00 3.000000000000000000e+00
-2.217125988733227082e+00 1.156594231304799880e+00 3.000000000000000000e+00
-1.639301446992486255e+00 1.667777126191418269e+00 3.000000000000000000e+00
-1.799124781574864329e+00 1.524643967216665841e+00 3.000000000000000000e+00
-2.191862035145989207e+00 1.061185014780711811e+00 3.000000000000000000e+00
-1.334356282825563955e+00 1.221393540773559883e+00 3.000000000000000000e+00
-1.278577920649531130e+00 1.028785336485404711e+00 3.000000000000000000e+00
-1.283216243779007781e+00 1.576478856001202189e+00 3.000000000000000000e+00
-1.492160517939577602e+00 1.823127116081396215e+00 3.000000000000000000e+00
-1.588904892122918744e+00 1.435635782147216322e+00 3.000000000000000000e+00
-1.510013216853959728e+00 7.707980837274857056e-01 3.000000000000000000e+00
-1.705050049613085594e+00 8.241517164098116632e-01 3.000000000000000000e+00
-1.336952553890628836e+00 8.300957396908489327e-01 3.000000000000000000e+00
-9.038796877852715017e-01 1.320368823812500869e+00 3.000000000000000000e+00
-1.177294068136717442e+00 1.710646338053450233e+00 3.000000000000000000e+00
-1.252908302375378646e+00 1.417211519819288279e+00 3.000000000000000000e+00
-1.094470663783043030e+00 8.336852761240267640e-01 3.000000000000000000e+00
-1.367878494198047079e+00 1.312308239305257418e+00 3.000000000000000000e+00
-5.435960207561436608e-01 1.786009818849895181e+00 3.000000000000000000e+00
-1.344041425384255639e+00 2.119398995731172519e+00 3.000000000000000000e+00
-1.608310087591755311e+00 2.017438334168948799e+00 3.000000000000000000e+00
-2.004054310427459740e+00 7.317342998466209725e-01 3.000000000000000000e+00
-1.062147898674359547e+00 1.427703608573876348e+00 3.000000000000000000e+00
-1.694358553437489645e+00 1.131617834265489675e+00 3.000000000000000000e+00
-1.735906563414618908e+00 1.829672229673811490e+00 3.000000000000000000e+00
-1.413110884865933059e+00 2.068675413854668577e+00 3.000000000000000000e+00
-1.543398236438136006e+00 1.445067732267007354e+00 3.000000000000000000e+00
-1.448108324280588555e+00 1.217995504627046754e+00 3.000000000000000000e+00
-1.586282655042253742e+00 1.324910630110300858e+00 3.000000000000000000e+00
-1.309496746261128441e+00 1.533700909151719305e+00 3.000000000000000000e+00
-1.320152927636899731e+00 1.786626568645261148e+00 3.000000000000000000e+00
-1.078906211950810601e+00 1.757328807957978967e+00 3.000000000000000000e+00
-9.079808773450508408e-01 1.038991310610307695e+00 3.000000000000000000e+00
-1.567536031688726572e+00 8.918186515414148197e-01 3.000000000000000000e+00
-2.071606746912056707e+00 1.481117184692187561e+00 3.000000000000000000e+00
-1.055471315602049875e+00 1.480501082144528358e+00 3.000000000000000000e+00
-1.894950409038334893e+00 7.180101195410854009e-01 3.000000000000000000e+00
-6.604954804073926988e-01 2.093668018470753012e+00 3.000000000000000000e+00
-5.896491035265843950e-01 1.587308637842247849e+00 3.000000000000000000e+00
-1.542590195746930348e+00 2.001482035362660117e+00 3.000000000000000000e+00
-2.224154735893984824e+00 1.103083541032443993e+00 3.000000000000000000e+00
-1.281971275038586544e+00 1.705451146523538020e+00 3.000000000000000000e+00
-1.179710579019558780e+00 1.740277239762358930e+00 3.000000000000000000e+00
-1.242009168437396172e+00 1.676648359199333971e+00 3.000000000000000000e+00
-1.440899022135248675e+00 2.115455273202869080e+00 3.000000000000000000e+00
-1.135789395777767385e+00 1.694508135158886430e+00 3.000000000000000000e+00
-1.648848256839370974e+00 1.291797487752017526e+00 3.000000000000000000e+00
-1.498503745917685315e+00 1.549325259217234629e+00 3.000000000000000000e+00
-1.324242691309221565e+00 1.991894639906713893e+00 3.000000000000000000e+00
-1.697567758433914165e+00 1.367367528308319979e+00 3.000000000000000000e+00
-1.406687871452468430e+00 1.462819768847250401e+00 3.000000000000000000e+00
-2.138185056558066233e+00 1.380071916383768915e+00 3.000000000000000000e+00
-2.103180917485454771e+00 8.556570676086625582e-01 3.000000000000000000e+00
-1.360551122071766317e+00 1.034039398940986620e+00 3.000000000000000000e+00
-1.750015643272982757e+00 1.095208192874553177e+00 3.000000000000000000e+00
-2.064823711768603243e+00 1.875884642765168087e+00 3.000000000000000000e+00
-1.882711214289675361e+00 1.827255294307067901e+00 3.000000000000000000e+00
-1.530033676496263872e+00 1.025560538547514611e+00 3.000000000000000000e+00
-1.199509091616300704e+00 1.269315503535913603e+00 3.000000000000000000e+00
-1.746855265805281832e+00 9.560086795972321250e-01 3.000000000000000000e+00
-1.981578606831828404e+00 9.837306382528566706e-01 3.000000000000000000e+00
-1.868323786546715493e+00 1.603964269929987863e+00 3.000000000000000000e+00
-1.641377445815443092e+00 1.833020204707100698e+00 3.000000000000000000e+00
-1.680886302311682456e+00 1.957752618226666907e+00 3.000000000000000000e+00
-1.630723423329965005e+00 1.825402774955041441e+00 3.000000000000000000e+00
-1.264709451158002151e+00 1.791701028351241787e+00 3.000000000000000000e+00
-1.729915885776839968e+00 1.618854942614106562e+00 3.000000000000000000e+00
-1.287387520548020303e+00 1.973346673262503792e+00 3.000000000000000000e+00
-1.757544315450928263e+00 6.173127945203027434e-01 3.000000000000000000e+00
-2.224497677344755342e+00 2.080123205099248196e+00 3.000000000000000000e+00
-1.355485978282832349e+00 1.499083475881197058e+00 3.000000000000000000e+00
-2.380792971965420612e+00 1.692857312886586918e+00 3.000000000000000000e+00
-1.286756724330275548e+00 2.060663217128449354e+00 3.000000000000000000e+00
-9.930130534695217337e-01 2.804176506070548136e+00 3.000000000000000000e+00
-2.042718500135885407e+00 8.372332823245295375e-01 3.000000000000000000e+00
-1.744488020815631701e+00 8.507879806753297913e-01 3.000000000000000000e+00
-4.772702754421851434e-01 9.565373656145876868e-01 3.000000000000000000e+00
-1.134169976617123599e+00 1.811357884522470929e+00 3.000000000000000000e+00
-1.655486729758460784e+00 2.034015247139043137e+00 3.000000000000000000e+00
-1.486124345103237099e+00 2.118681151973097254e+00 3.000000000000000000e+00
-2.018377862492512165e+00 9.580423071171324523e-01 3.000000000000000000e+00
-1.828130169378102465e+00 1.946297515884769069e+00 3.000000000000000000e+00
-1.612254860414765067e+00 1.635589264672643761e+00 3.000000000000000000e+00
-8.262839748822788932e-01 1.339093737932806283e+00 3.000000000000000000e+00
-2.284107927820848705e+00 1.393734647461525755e+00 3.000000000000000000e+00
-2.222478440667034150e+00 1.180002828299607120e+00 3.000000000000000000e+00
-1.724966404130760189e+00 1.596423927797882669e+00 3.000000000000000000e+00
-1.136818736280236219e+00 1.784811833041049622e+00 3.000000000000000000e+00
-4.937355456738978798e-01 1.460419678095925100e+00 3.000000000000000000e+00
-1.920161354966432476e+00 1.296096936866316662e+00 3.000000000000000000e+00
-9.867989328498864010e-01 1.380957655424767339e+00 3.000000000000000000e+00
-1.146138252712663341e+00 1.765703268351021205e+00 3.000000000000000000e+00
-5.168259422037631001e-01 1.002278266223317615e+00 3.000000000000000000e+00
-2.126512881949338407e+00 1.614117871530495352e+00 3.000000000000000000e+00
-2.161081468717491294e+00 2.017415374758556368e+00 3.000000000000000000e+00
-1.521246466167150979e+00 1.892981054934324670e+00 3.000000000000000000e+00
-1.406072190824158685e+00 1.148087711804712585e+00 3.000000000000000000e+00
-1.921143617511408053e+00 1.461212514605484403e+00 3.000000000000000000e+00
-1.620966278117751846e+00 1.632404000862307081e+00 3.000000000000000000e+00
-1.074634682492171978e+00 1.707937353423271798e+00 3.000000000000000000e+00
-2.179660159976496203e+00 1.146155437853372927e+00 3.000000000000000000e+00
-1.660971584470606333e+00 9.892584213186875752e-01 3.000000000000000000e+00
-1.556337038565055453e+00 1.263044538940611305e+00 3.000000000000000000e+00
-1.330216598322685906e+00 1.707355331916908581e+00 3.000000000000000000e+00
-1.599875862373386859e+00 1.542341496742761109e+00 3.000000000000000000e+00
-1.366579095700543256e+00 1.251918591937002390e+00 3.000000000000000000e+00
-2.442391420252367329e+00 1.995233124270673564e+00 3.000000000000000000e+00
-1.673378239646702736e+00 1.402613470299490794e+00 3.000000000000000000e+00
-1.734199292190184982e+00 9.352671262910169370e-01 3.000000000000000000e+00
-1.472521386494544782e+00 9.609780724012274566e-01 3.000000000000000000e+00
-1.179978669366398503e+00 1.367917113916813587e+00 3.000000000000000000e+00
-2.473993716308090729e+00 1.055525349022589765e+00 3.000000000000000000e+00
-2.022700596922339944e+00 1.971448061055681933e+00 3.000000000000000000e+00
-1.172430451049466527e+00 1.807218412860881696e+00 3.000000000000000000e+00
-7.701662872405463656e-01 2.536781567186292996e+00 3.000000000000000000e+00
-1.133661656527590100e+00 2.304386487045144705e+00 3.000000000000000000e+00
-6.582469751735645636e-01 1.606621393132987796e+00 3.000000000000000000e+00
-1.277181290985904161e+00 1.564483193980294340e+00 3.000000000000000000e+00
-8.590001588526192666e-01 9.144723429251981894e-01 3.000000000000000000e+00
-2.067861823059517157e+00 2.004417285422475992e+00 3.000000000000000000e+00
-1.247274445986761737e+00 1.367807687475560918e+00 3.000000000000000000e+00
-1.591644497856130602e+00 1.473044448547234708e+00 3.000000000000000000e+00
-2.339277933553641553e+00 1.333264683859769706e+00 3.000000000000000000e+00
-1.794979010104650552e+00 1.578381055282664702e+00 3.000000000000000000e+00
-1.449078402484329953e+00 1.319700981710457910e+00 3.000000000000000000e+00
-1.724496631628856136e+00 1.884921444273659485e+00 3.000000000000000000e+00
-1.920048749577601299e+00 1.666189046070215118e+00 3.000000000000000000e+00
-1.015580236927832836e+00 2.394298379644330677e+00 3.000000000000000000e+00
-6.798438761031088129e-01 1.693156084585596632e+00 3.000000000000000000e+00
-1.337480532064964311e+00 1.567612758868876410e+00 3.000000000000000000e+00
-1.775980399571184920e+00 1.869758811598993375e+00 3.000000000000000000e+00
-2.014461815371566988e+00 1.293746955626514428e+00 3.000000000000000000e+00
-2.271529776306474346e+00 1.221820301357943617e+00 3.000000000000000000e+00
-1.674659882848511527e+00 1.382455167975991328e+00 3.000000000000000000e+00
-2.286160533852527266e+00 1.755189846015815069e+00 3.000000000000000000e+00
-2.200033720539693149e+00 1.340989763349005770e+00 3.000000000000000000e+00
-1.167514040719244139e+00 1.853969167742149260e+00 3.000000000000000000e+00
-1.524312438875404352e+00 1.105443423053812602e+00 3.000000000000000000e+00
-8.418597607065958499e-01 1.884439513874823113e+00 3.000000000000000000e+00
-1.991947026035219670e+00 1.250573707429678549e+00 3.000000000000000000e+00
-1.582146138726166384e+00 2.040170747669878271e+00 3.000000000000000000e+00
-1.665122994247630439e+00 1.586110119527534223e+00 3.000000000000000000e+00
-1.632116686572214537e+00 1.530418242001178708e+00 3.000000000000000000e+00
-1.394108533705131991e+00 1.832741013308204936e+00 3.000000000000000000e+00
-1.585523319871461334e+00 2.454639836514433071e+00 3.000000000000000000e+00
-1.322748843514934602e+00 2.207155274155083280e+00 3.000000000000000000e+00
-1.108408129900324779e+00 1.794888650535777286e+00 3.000000000000000000e+00
-1.153614133873584136e+00 1.662230138419511949e+00 3.000000000000000000e+00
-1.532843198972565268e+00 1.768273161971136265e+00 3.000000000000000000e+00
-1.517759583141754298e+00 1.702524328012413379e+00 3.000000000000000000e+00
-1.497768077168306178e+00 1.341291110545706156e+00 3.000000000000000000e+00
