-9.677882580995869066e-01 -1.052839402356027909e+00 1.000000000000000000e+00
-1.274415376574868253e+00 -9.764255638700632955e-01 1.000000000000000000e+00
-1.528648878044092996e+00 -7.747575804459003734e-01 1.000000000000000000e+00
-1.550452150876266533e+00 -1.685816865932760589e+00 1.000000000000000000e+00
-8.256330905868152215e-01 -1.004969306696649634e+00 1.000000000000000000e+00
-1.213720568102677921e+00 -8.148949336923275721e-01 1.000000000000000000e+00
-7.290426227617738952e-01 -6.879960403955243109e-01 1.000000000000000000e+00
-7.582009931747963893e-01 -5.963321568752372182e-01 1.000000000000000000e+00
-5.824500630471718399e-01 -7.645349871021388521e-01 1.000000000000000000e+00
-7.202346603820645177e-01 -1.060201131122303186e+00 1.000000000000000000e+00
-1.131176779222826667e+00 -1.280475654996306556e+00 1.000000000000000000e+00
-9.716287234169698195e-01 -4.152923973272261149e-01 1.000000000000000000e+00
-8.691882594002798834e-01 -6.821802770308385000e-01 1.000000000000000000e+00
-1.038202772884090797e+00 -6.002259470711925893e-01 1.000000000000000000e+00
-1.450259944050721117e+00 -5.084924532575987310e-01 1.000000000000000000e+00
-1.210482705388197022e+00 -9.974024827197389698e-01 1.000000000000000000e+00
-1.917888902958679864e-01 -9.323149256582272670e-01 1.000000000000000000e+00
-1.193483697992066439e+00 -9.440123205000845452e-01 1.000000000000000000e+00
-1.519913712732119837e+00 -8.574135261782841466e-01 1.000000000000000000e+00
-9.417622681082329361e-01 -1.750524565467582283e+00 1.000000000000000000e+00
-1.172789697737406156e+00 -6.676873042118642854e-01 1.000000000000000000e+00
-2.841662266794505731e-01 -1.551656989241453788e+00 1.000000000000000000e+00
-7.355745072606767465e-01 -9.817520570764510790e-01 1.000000000000000000e+00
-7.801921416336154991e-01 -1.044002627509417636e+00 1.000000000000000000e+00
-1.289602489479592773e+00 -1.915881773466506566e+00 1.000000000000000000e+00
-5.560193441411440674e-01 -1.086239236373097494e+00 1.000000000000000000e+00
-1.353501216761610504e+00 -8.725242060709228475e-01 1.000000000000000000e+00
-4.511621086959612947e-01 -5.013449375454573920e-01 1.000000000000000000e+00
-1.984490564513490707e+00 -1.664276490700793643e+00 1.000000000000000000e+00
-3.347649929347495945e-01 -1.400022435638902607e+00 1.000000000000000000e+00
-1.314714996829997817e+00 -4.905121580143165794e-01 1.000000000000000000e+00
-1.082563961320032853e+00 -9.843581757047086267e-01 1.000000000000000000e+00
-1.064295161582288873e+00 -1.286308075036231235e+00 1.000000000000000000e+00
-8.605357558927744233e-01 -1.101511726124572821e+00 1.000000000000000000e+00
-8.696089976056624593e-01 -1.237242171909619604e+00 1.000000000000000000e+00
-2.766306911541834834e-01 -6.970888621178443767e-01 1.000000000000000000e+00
-1.036780857254622434e+00 -7.205297648280066802e-01 1.000000000000000000e+00
-8.872251420074148687e-01 -1.686931769558192906e+00 1.000000000000000000e+00
-7.488359264797603831e-01 -1.786938493152382179e+00 1.000000000000000000e+00
-8.831678249448705609e-01 -9.901930847517117495e-01 1.000000000000000000e+00
-1.109324407727928286e+00 -1.197280297043520347e+00 1.000000000000000000e+00
-7.316220396258634739e-01 -3.249329115802602752e-01 1.000000000000000000e+00
-1.413385930373960875e+00 -1.199604917202937493e+00 1.000000000000000000e+00
-1.172369110874664555e+00 -1.166453229831263760e+00 1.000000000000000000e+00
-7.734275052277028717e-01 -1.396392122805108160e+00 1.000000000000000000e+00
-9.864536354526823869e-01 -3.619957679486940361e-01 1.000000000000000000e+00
-7.128059288171474384e-01 -4.463011641082889058e-01 1.000000000000000000e+00
-1.226794996151364670e+00 -1.200699548895590496e+00 1.000000000000000000e+00
-1.367621817281078123e+00 -1.251896062435232881e+00 1.000000000000000000e+00
-9.852223311928506311e-01 -6.788365482463616374e-01 1.000000000000000000e+00
-1.092202455198980626e+00 -1.540263931768664829e+00 1.000000000000000000e+00
-1.647683991333454001e+00 -1.356013207604999327e+00 1.000000000000000000e+00
-1.012608420365427531e+00 -1.242061560874169635e+00 1.000000000000000000e+00
-1.035137944553556233e+00 -1.060223439357588004e+00 1.000000000000000000e+00
-1.691343021376670253e+00 -8.361255692384161886e-02 1.000000000000000000e+00
-1.931901857547588142e+00 -1.781952397717078806e+00 1.000000000000000000e+00
-1.235182247269016154e+00 -1.711829534983368539e+00 1.000000000000000000e+00
-2.708730972873765186e-01 -1.095487883431415232e-01 1.000000000000000000e+00
-8.111117190478753791e-01 -9.764188364807253606e-01 1.000000000000000000e+00
-1.053260427587875414e-01 -5.049618549891115027e-01 1.000000000000000000e+00
-1.440583070575703450e+00 -1.580313780194627205e+00 1.000000000000000000e+00
-9.642675088327977706e-01 -1.311641159256670797e+00 1.000000000000000000e+00
-1.502161093916835943e+00 -1.054103782361578423e+00 1.000000000000000000e+00
-2.381200934360911958e-01 -1.003024823349912165e+00 1.000000000000000000e+00
-1.544913217645908610e+00 -4.648426206711731012e-01 1.000000000000000000e+00
-9.204644697240990103e-01 -7.430877041698151775e-01 1.000000000000000000e+00
-7.825008822479037063e-01 -1.143368707691366337e+00 1.000000000000000000e+00
-1.471512574355660741e+00 -1.409534714652855847e+00 1.000000000000000000e+00
-4.803730720747185767e-01 -1.038607621009566273e+00 1.000000000000000000e+00
-1.296500681603790950e+00 -7.671252911595813906e-01 1.000000000000000000e+00
-1.592418118008830152e+00 -8.882553455460564518e-01 1.000000000000000000e+00
-9.460490812488109302e-01 -6.386220007698575341e-01 1.000000000000000000e+00
-1.099908063231989530e+00 -1.518692780148920063e+00 1.000000000000000000e+00
-9.798472373286279957e-01 -1.157530971400172248e+00 1.000000000000000000e+00
-1.209449270941835852e+00 -5.617011271723637567e-01 1.000000000000000000e+00
-5.108584914123533993e-01 -1.521058244488305844e+00 1.000000000000000000e+00
-9.658054692741876446e-01 -7.928464062341227248e-01 1.000000000000000000e+00
-7.288836287862364705e-01 -1.376131829090057046e+00 1.000000000000000000e+00
-1.656605117832198992e+00 -7.985475654595700634e-01 1.000000000000000000e+00
-4.776322922097798740e-01 -1.009240430948943112e+00 1.000000000000000000e+00
-1.243745483865375867e+00 -2.948731195473969224e-01 1.000000000000000000e+00
-4.519440248905347568e-01 -9.478047979699196768e-01 1.000000000000000000e+00
-1.484660025770616398e+00 -8.317696692200499120e-01 1.000000000000000000e+00
-9.517366149184393054e-01 -1.475199214280332960e+00 1.000000000000000000e+00
-2.104058871934634922e+00 -1.449491520260086874e+00 1.000000000000000000e+00
-1.281176267952883085e+00 -9.188782453408597117e-01 1.000000000000000000e+00
-6.509425210952809460e-01 -2.020642666362443052e+00 1.000000000000000000e+00
-8.827845000102028106e-01 -9.617089271943587425e-01 1.000000000000000000e+00
-4.824774839673905413e-01 -1.185128160875684511e+00 1.000000000000000000e+00
-7.856020016799036831e-01 -1.139909718383633086e+00 1.000000000000000000e+00
-1.555596473976345928e+00 -1.052036135166857234e+00 1.000000000000000000e+00
-8.076193910722986313e-01 -1.499415854367343037e-01 1.000000000000000000e+00
-1.018838519942616427e+00 -1.524593923875862345e+00 1.000000000000000000e+00
-1.947272541026038306e-01 -9.408619710326987517e-01 1.000000000000000000e+00
-7.630789954882795101e-01 -1.185367413405038040e+00 1.000000000000000000e+00
-5.592823478423778472e-01 -1.086196947226518272e+00 1.000000000000000000e+00
-7.816132982512233873e-01 -8.027543078964336498e-01 1.000000000000000000e+00
-1.198154425733706008e+00 -7.164598248931377533e-01 1.000000000000000000e+00
-6.793157079608249660e-01 -8.841094472176596053e-01 1.000000000000000000e+00
-6.457258029652870324e-01 -1.344657969767930616e+00 1.000000000000000000e+00
-5.826326427473200731e-01 -1.215655393982392196e+00 1.000000000000000000e+00
-1.103885139672210913e+00 -6.795999032375308335e-01 1.000000000000000000e+00
-1.636060081098929420e+00 -1.207344425054044823e+00 1.000000000000000000e+00
-7.152078810361899297e-01 -7.779272981319229618e-01 1.000000000000000000e+00
-1.232813614596435681e+00 -6.416938034538942626e-01 1.000000000000000000e+00
-4.529714610693972299e-01 -5.607681387441351140e-01 1.000000000000000000e+00
-1.222012957933626520e+00 -1.715034431715815044e+00 1.000000000000000000e+00
-3.750083804062683823e-01 -4.761008296128728112e-01 1.000000000000000000e+00
-1.995815528043215492e-01 -1.025651189232309912e+00 1.000000000000000000e+00
-1.447648155883550558e+00 -8.564777947297165239e-01 1.000000000000000000e+00
-7.470343614457313208e-01 -1.204375570647867821e+00 1.000000000000000000e+00
-5.576087629912477306e-01 -7.485205989272776250e-01 1.000000000000000000e+00
-8.478982487273292179e-01 -1.520260563086898387e+00 1.000000000000000000e+00
-1.413370726004891553e+00 -4.349477459496754461e-01 1.000000000000000000e+00
-1.597628982119274621e+00 -1.785595258242538730e+00 1.000000000000000000e+00
-4.518741275483688646e-01 -1.500973357831686839e+00 1.000000000000000000e+00
-8.339982170101627457e-01 -1.415525126104431486e+00 1.000000000000000000e+00
-1.706143531204188823e+00 -1.197774904981527389e+00 1.000000000000000000e+00
-1.502922012718282296e+00 -7.505137927451475122e-01 1.000000000000000000e+00
-5.423351219521971300e-01 -8.861607403388115367e-01 1.000000000000000000e+00
-1.277523163349819635e+00 -9.553167114675749083e-01 1.000000000000000000e+00
-5.660995789529210676e-01 -1.316619473106395155e+00 1.000000000000000000e+00
-5.623546901433167378e-01 -1.043374659805769600e+00 1.000000000000000000e+00
-1.351400986001713989e+00 -8.708130655285379884e-01 1.000000000000000000e+00
-4.932596761655311246e-01 1.022279416846214595e-01 1.000000000000000000e+00
-6.443192677893538889e-01 -1.161154505158250139e+00 1.000000000000000000e+00
-1.688807833559335503e+00 -1.859733803656082429e+00 1.000000000000000000e+00
-8.549696697173262416e-01 -1.458329529354314591e+00 1.000000000000000000e+00
-6.357137949610709438e-01 -6.934122647473632828e-01 1.000000000000000000e+00
-5.783029812981350659e-01 -4.388554710974146289e-01 1.000000000000000000e+00
-1.196533380771585220e+00 -4.801867540298327963e-01 1.000000000000000000e+00
-5.804264540213908141e-01 -4.141335605754432603e-01 1.000000000000000000e+00
-1.584557370281345356e+00 -1.013288432123612415e+00 1.000000000000000000e+00
-1.450117497791080456e+00 -5.816824951905975594e-01 1.000000000000000000e+00
-9.398420181451893063e-01 -6.723442757279678439e-01 1.000000000000000000e+00
-1.070838961957460533e+00 -8.459762204617615744e-01 1.000000000000000000e+00
-1.197415061118145108e+00 -6.302476504913024913e-01 1.000000000000000000e+00
-5.790563341176634404e-01 -1.305116432812369442e+00 1.000000000000000000e+00
-6.420563772400569302e-01 -1.252358281738193524e+00 1.000000000000000000e+00
-1.274176746359922507e+00 -1.057493014893985617e+00 1.000000000000000000e+00
-1.266263162977451895e+00 -1.255549365877316914e+00 1.000000000000000000e+00
-4.170761442938658581e-01 -1.162806665414827245e+00 1.000000000000000000e+00
-7.678025287521725861e-01 -4.458305762269306749e-01 1.000000000000000000e+00
-1.213492216575876581e+00 -1.229944804500361144e+00 1.000000000000000000e+00
-1.580643609106016978e+00 -8.284090789803345567e-01 1.000000000000000000e+00
-8.950089955653799390e-01 -1.731439161575052843e+00 1.000000000000000000e+00
-1.234565756775764189e+00 -6.925502884047199936e-01 1.000000000000000000e+00
-1.492416077208888581e+00 -1.370548168551179780e+00 1.000000000000000000e+00
-1.046653242111498017e+00 -1.990591263053305138e+00 1.000000000000000000e+00
-1.000966826087529293e+00 -1.267911422796971443e+00 1.000000000000000000e+00
-9.531081937866889842e-01 -1.103801389187432314e+00 1.000000000000000000e+00
-1.285098096923948940e+00 -6.242314694364617944e-01 1.000000000000000000e+00
-9.525443160612802052e-01 -8.097659573323716664e-01 1.000000000000000000e+00
-9.769519216854171129e-01 -1.223563920120412485e+00 1.000000000000000000e+00
-1.039881609103161519e+00 -9.292757508227738050e-01 1.000000000000000000e+00
-9.602351238035290448e-01 -1.100360485540980759e+00 1.000000000000000000e+00
-1.161366411120025255e+00 -1.070437279761933924e+00 1.000000000000000000e+00
-4.019114793432787547e-01 -4.905027776260422190e-01 1.000000000000000000e+00
-7.556285763998469296e-01 -6.392327227548517676e-01 1.000000000000000000e+00
-1.358033571697109476e+00 -1.763305310117605718e+00 1.000000000000000000e+00
-3.146640701270653206e-01 -2.753718904727682215e-01 1.000000000000000000e+00
-1.826684370881763497e+00 -7.743426104014295985e-01 1.000000000000000000e+00
-1.212343594281345194e+00 -1.099072261616601098e+00 1.000000000000000000e+00
-6.398036735968080091e-01 -1.298023865036256996e+00 1.000000000000000000e+00
-2.149189706629293095e-01 -8.949211590067011057e-01 1.000000000000000000e+00
-1.267338872699085295e+00 -9.759741641251531430e-01 1.000000000000000000e+00
-6.760509682875071036e-02 -1.410953164318459407e+00 1.000000000000000000e+00
-3.064031498120894925e-01 -1.004670482119335961e+00 1.000000000000000000e+00
-5.793908820126816295e-01 -8.924083167967594710e-01 1.000000000000000000e+00
-1.080300866701161322e+00 -7.536906884133036666e-01 1.000000000000000000e+00
-9.770913813749284582e-01 -5.774959904268327504e-01 1.000000000000000000e+00
-1.910918894988057337e-01 -2.708616285090306164e-01 1.000000000000000000e+00
-3.788037232752058392e-01 -8.791597006739348963e-02 1.000000000000000000e+00
-8.587619111390988325e-01 -1.342577765757403174e+00 1.000000000000000000e+00
-9.157840758827494598e-01 -1.432655103838124777e+00 1.000000000000000000e+00
-3.028463734962599796e-01 -2.464223474922004886e-01 1.000000000000000000e+00
-7.049489009771264802e-01 -1.566390858780528195e+00 1.000000000000000000e+00
-9.799375964165770725e-01 -1.350365029945600259e+00 1.000000000000000000e+00
-9.168742966880758516e-01 -5.166285837358431943e-01 1.000000000000000000e+00
-7.572743905950836130e-01 -1.627087029911646443e+00 1.000000000000000000e+00
-1.262660437080149078e+00 -7.407405116496981190e-01 1.000000000000000000e+00
-1.188635109885239238e+00 -5.839331990851772680e-01 1.000000000000000000e+00
-1.347031327912485477e+00 -1.567031242509560496e+00 1.000000000000000000e+00
-8.432256599871642555e-01 -5.980634127272335121e-01 1.000000000000000000e+00
-1.080500256428969408e+00 -1.785424527204528378e+00 1.000000000000000000e+00
-7.872225567696610193e-01 -1.231561676426389473e+00 1.000000000000000000e+00
-1.543427296545871741e+00 -1.147321575925123849e+00 1.000000000000000000e+00
-1.326611034749605178e+00 -1.211862318275851225e+00 1.000000000000000000e+00
-5.669000354546358533e-01 -7.409936443543770901e-01 1.000000000000000000e+00
-8.643768645245228921e-01 -8.976047161187350465e-01 1.000000000000000000e+00
-3.456331489788802003e-01 -4.610134151660909563e-01 1.000000000000000000e+00
-5.262234707475408335e-01 -1.391364606801114956e+00 1.000000000000000000e+00
-1.002978815351424080e+00 -1.214700692788303282e+00 1.000000000000000000e+00
-7.642429799261403200e-01 -3.280709603721497780e-01 1.000000000000000000e+00
-1.033157314976229424e+00 -8.093515027386837257e-01 1.000000000000000000e+00
-1.135715218180385788e+00 -9.233512695908517864e-01 1.000000000000000000e+00
-1.427609963439802510e+00 -1.111974540350260554e+00 1.000000000000000000e+00
-7.162635922355768958e-01 -3.019081655121419461e-01 1.000000000000000000e+00
-6.800885091425000750e-01 -1.202008587250080751e-02 1.000000000000000000e+00
-1.097141147831858676e+00 -1.560122771186378543e+00 1.000000000000000000e+00
1.108755821095737115e+00 9.399480972867795270e-01 2.000000000000000000e+00
1.563113142762812879e+00 1.183197728934896276e+00 2.000000000000000000e+00
1.192057840007002323e+00 6.579256062611966716e-01 2.000000000000000000e+00
-1.980863617024206658e-01 1.049325712643023767e+00 2.000000000000000000e+00
6.546028844587886697e-01 6.137523486823749375e-01 2.000000000000000000e+00
7.950337291268433360e-01 1.311488041011458217e-01 2.000000000000000000e+00
8.864177785038035440e-01 8.059453467800467008e-01 2.000000000000000000e+00
1.567603544853420461e+00 7.167280236356626810e-01 2.000000000000000000e+00
1.910668076715130059e+00 9.148687236044217297e-01 2.000000000000000000e+00
1.214061606459109210e+00 3.905930779061262959e-01 2.000000000000000000e+00
1.414870640445778260e+00 1.454861459997450979e+00 2.000000000000000000e+00
1.553572107651871370e+00 5.394531431764880702e-01 2.000000000000000000e+00
7.708907141296050813e-01 8.824030694855961032e-01 2.000000000000000000e+00
6.921045063659332364e-01 7.941227109660627947e-01 2.000000000000000000e+00
1.062588601505066066e+00 1.244137483823538393e+00 2.000000000000000000e+00
1.241516167614809429e+00 6.309725413726477994e-01 2.000000000000000000e+00
4.671034838656313859e-01 1.037880364849727455e+00 2.000000000000000000e+00
1.351072356002230634e+00 1.477243980299421722e+00 2.000000000000000000e+00
9.047575351144442335e-01 8.697688982732396656e-01 2.000000000000000000e+00
7.337437220101027391e-01 7.437568609457995139e-01 2.000000000000000000e+00
1.458873052071249621e+00 1.306069001572783383e+00 2.000000000000000000e+00
1.049992134988726900e+00 9.625174164412265698e-01 2.000000000000000000e+00
8.509786259334762848e-01 1.777292442803227512e+00 2.000000000000000000e+00
8.547437261373757034e-01 1.018041489401756872e+00 2.000000000000000000e+00
8.439372388554056137e-01 6.423550206697725695e-02 2.000000000000000000e+00
1.449042875841305644e+00 1.410169694146979680e+00 2.000000000000000000e+00
2.057387061101736414e-01 1.090145849316578763e+00 2.000000000000000000e+00
7.861424789720637962e-01 4.751635082773985053e-01 2.000000000000000000e+00
1.292504561564292720e-01 4.960502958455716982e-01 2.000000000000000000e+00
1.432389302563464639e+00 1.456362494365661231e+00 2.000000000000000000e+00
3.717866643673676252e-01 4.130405076515084595e-01 2.000000000000000000e+00
6.296732576813084403e-01 6.559071485022432979e-01 2.000000000000000000e+00
5.582180874152935512e-01 9.838869967542600570e-01 2.000000000000000000e+00
1.468892222417150117e+00 6.094290846356589242e-01 2.000000000000000000e+00
9.712070262482771499e-01 1.092383556910560216e+00 2.000000000000000000e+00
8.938561681968442141e-01 9.478489305035936452e-01 2.000000000000000000e+00
7.357575587982656540e-01 1.687623769659170936e+00 2.000000000000000000e+00
1.375201355847577744e+00 1.280754048955655922e+00 2.000000000000000000e+00
3.733261444395903350e-01 5.722740929771361618e-01 2.000000000000000000e+00
7.026949896944555407e-01 1.305503221180822404e+00 2.000000000000000000e+00
1.269555628270510272e+00 8.504645037802769370e-01 2.000000000000000000e+00
2.712043201984204455e-01 1.272864470891080790e+00 2.000000000000000000e+00
1.006846178184694462e+00 3.305326260944839722e-01 2.000000000000000000e+00
7.870619594197472146e-01 1.396936118976189967e+00 2.000000000000000000e+00
1.780529040638596960e+00 1.372780997092706734e+00 2.000000000000000000e+00
1.507483224677341749e+00 1.388443041643821818e+00 2.000000000000000000e+00
1.006588272651659732e+00 8.187156109715623131e-01 2.000000000000000000e+00
1.152865971061498351e+00 1.357355029956254899e+00 2.000000000000000000e+00
8.841999119143294505e-01 9.369822336092273884e-01 2.000000000000000000e+00
2.410810334271763722e+00 1.488938835607075850e+00 2.000000000000000000e+00
9.128418172208712100e-01 6.900873199372872246e-01 2.000000000000000000e+00
9.910613516914623666e-02 1.099457421018885883e+00 2.000000000000000000e+00
7.354247193183450770e-01 9.009796055220316013e-01 2.000000000000000000e+00
7.967951399378994104e-01 1.287956207255008145e+00 2.000000000000000000e+00
2.870164828458022788e-01 1.135740669345455700e+00 2.000000000000000000e+00
1.125420735130894023e+00 6.148054447730224581e-01 2.000000000000000000e+00
1.622292481063970726e+00 5.990039454893107962e-01 2.000000000000000000e+00
7.693470683467753535e-01 4.997017222445008233e-01 2.000000000000000000e+00
4.205110114829195833e-01 4.492075011206184687e-01 2.000000000000000000e+00
6.708450236749270434e-01 4.450693159960534828e-01 2.000000000000000000e+00
1.146884843141250832e+00 6.719022699027094037e-01 2.000000000000000000e+00
9.425565252786232140e-01 9.535109346261929630e-01 2.000000000000000000e+00
1.243872888079909922e-01 4.605445143622479698e-01 2.000000000000000000e+00
1.251365774320028823e+00 1.478493264365762450e+00 2.000000000000000000e+00
1.260657374735801417e+00 1.204702230509836269e+00 2.000000000000000000e+00
1.910854132054928822e-01 1.289156046333557182e+00 2.000000000000000000e+00
1.073888917556274469e+00 1.209434895920057595e+00 2.000000000000000000e+00
1.337768469251118919e+00 1.362724842151864957e+00 2.000000000000000000e+00
1.252803620280471986e+00 1.309894788055733894e+00 2.000000000000000000e+00
8.115472179938064690e-01 5.342039526499273716e-01 2.000000000000000000e+00
1.406947088264511203e+00 7.949373294805150980e-01 2.000000000000000000e+00
4.126205189965328479e-01 8.152865808089582167e-01 2.000000000000000000e+00
1.174621613399832176e-01 7.049179001740615291e-01 2.000000000000000000e+00
1.451715690062189479e+00 1.474401994651046710e+00 2.000000000000000000e+00
1.048817695457406884e+00 8.845888786390196934e-01 2.000000000000000000e+00
1.305273867990583536e+00 6.170672934087819694e-01 2.000000000000000000e+00
6.000909735825584734e-01 1.049351313264591967e+00 2.000000000000000000e+00
1.721599191456934630e+00 1.293402775296677687e+00 2.000000000000000000e+00
7.361445216141131453e-01 2.010736248108121682e+00 2.000000000000000000e+00
1.297059477851181031e+00 1.677053831363569891e+00 2.000000000000000000e+00
4.963418091824510769e-01 1.128949820067850718e+00 2.000000000000000000e+00
5.542954024949238168e-01 1.352597216811472158e+00 2.000000000000000000e+00
5.944497699843303007e-01 7.916214468925711900e-01 2.000000000000000000e+00
8.741127156234552720e-01 2.095437326333094985e-01 2.000000000000000000e+00
1.200663328692421761e+00 1.534597748887423840e+00 2.000000000000000000e+00
1.455179945688861887e+00 1.169283703876739633e+00 2.000000000000000000e+00
1.446682813124340328e+00 1.803172578044878183e+00 2.000000000000000000e+00
1.268284696293364933e+00 1.503022911760980573e+00 2.000000000000000000e+00
1.263004708012828825e+00 1.432822623159820896e+00 2.000000000000000000e+00
8.845957077663489931e-01 8.216522410281371647e-01 2.000000000000000000e+00
7.325433004891116484e-01 1.313927234000357824e+00 2.000000000000000000e+00
9.640607593020330546e-01 8.202686519903493734e-01 2.000000000000000000e+00
1.240510951395637607e+00 1.177403256366195361e+00 2.000000000000000000e+00
7.338037952489204763e-01 9.055424581725047828e-01 2.000000000000000000e+00
1.747640552561534388e+00 1.327558757490274521e+00 2.000000000000000000e+00
1.704797739616612073e+00 2.191592761650295706e+00 2.000000000000000000e+00
1.349091616991894504e+00 1.024901864500413318e+00 2.000000000000000000e+00
1.232772667402859401e+00 8.846022693012737248e-01 2.000000000000000000e+00
6.097200165464120580e-01 1.472060982353464498e+00 2.000000000000000000e+00
-9.021380363413156189e-02 4.358117446999325573e-01 2.000000000000000000e+00
6.388789049906062889e-01 8.945003879962137860e-01 2.000000000000000000e+00
3.925795086727354999e-01 3.138291509591234485e-01 2.000000000000000000e+00
1.344352499882330187e+00 1.224801348699058323e+00 2.000000000000000000e+00
1.728353764537222670e+00 1.405059162842618337e+00 2.000000000000000000e+00
1.130919244740167917e+00 1.279279271806264218e+00 2.000000000000000000e+00
8.160271110685402007e-01 9.522675066804060506e-01 2.000000000000000000e+00
5.484558770596650312e-01 1.152011383295082680e+00 2.000000000000000000e+00
7.550162294883842051e-01 7.265031555381069595e-01 2.000000000000000000e+00
1.313353400667780502e+00 3.304465985565225861e-01 2.000000000000000000e+00
9.868769816287743524e-01 7.554073701437731270e-01 2.000000000000000000e+00
1.840842442477426122e+00 1.557541023228300681e+00 2.000000000000000000e+00
6.123005400340920668e-01 1.554287370484081610e+00 2.000000000000000000e+00
-2.055048368387362157e-01 1.096847703739149527e+00 2.000000000000000000e+00
1.063870175973511190e+00 7.746725962488295592e-01 2.000000000000000000e+00
5.405038493455075477e-01 1.036096334727844237e+00 2.000000000000000000e+00
1.236175370912780735e+00 5.877052657367507482e-01 2.000000000000000000e+00
1.066944337083322258e+00 1.276822147041094757e+00 2.000000000000000000e+00
1.682109010979517816e+00 1.349372156173497928e+00 2.000000000000000000e+00
1.785382808738799065e-01 1.345977991593922951e-01 2.000000000000000000e+00
1.203145109044501115e+00 9.160678181153855126e-01 2.000000000000000000e+00
1.310593408043637442e+00 1.786398271252015224e+00 2.000000000000000000e+00
4.180629027984960056e-01 -1.261066032383251212e-02 2.000000000000000000e+00
1.474518715391867074e+00 8.345156410074192621e-01 2.000000000000000000e+00
1.992195059227730880e+00 5.673507791318821436e-01 2.000000000000000000e+00
1.089219592283009241e+00 5.671740483595251181e-01 2.000000000000000000e+00
1.465283460399280813e+00 4.002047637509918987e-01 2.000000000000000000e+00
1.086020362534105832e+00 1.181466871127593965e+00 2.000000000000000000e+00
3.213418090327625487e-01 4.249576527529936865e-01 2.000000000000000000e+00
1.255519930565100584e+00 1.106437177195892074e+00 2.000000000000000000e+00
7.715522156624259331e-01 1.215805738233489475e+00 2.000000000000000000e+00
8.487033641533149320e-01 8.229693478557177366e-01 2.000000000000000000e+00
1.216659530905769948e+00 1.325953909161748268e+00 2.000000000000000000e+00
1.352549794305911934e+00 9.964981878181151664e-01 2.000000000000000000e+00
2.593957733663498910e-01 6.901318005548824353e-01 2.000000000000000000e+00
1.727259163408359388e+00 1.329949888118829859e+00 2.000000000000000000e+00
1.310094904254162085e+00 1.501755457087263768e+00 2.000000000000000000e+00
8.932151983514813320e-01 8.249198507748548570e-01 2.000000000000000000e+00
1.431443225007308362e+00 1.821138870292779099e+00 2.000000000000000000e+00
5.689243159666128591e-01 3.534550394302913290e-01 2.000000000000000000e+00
1.024220131083289687e+00 8.604322962555033261e-02 2.000000000000000000e+00
1.392472722295367005e+00 1.195784038334543053e+00 2.000000000000000000e+00
8.385527335291071971e-01 -4.541264060596406082e-02 2.000000000000000000e+00
8.892185588387413464e-01 -2.823505803510044654e-01 2.000000000000000000e+00
6.063309026318730588e-01 8.313748645553831196e-01 2.000000000000000000e+00
1.128526091114667951e+00 1.081611223412506817e+00 2.000000000000000000e+00
8.693014933958082002e-01 7.858892484715935822e-01 2.000000000000000000e+00
9.134983769831453992e-01 8.223038653585232893e-01 2.000000000000000000e+00
1.767109958152858429e+00 1.388563002235402077e+00 2.000000000000000000e+00
1.225106114405950741e+00 8.495071422169898634e-01 2.000000000000000000e+00
7.474157009321139578e-01 9.881826752039777340e-01 2.000000000000000000e+00
1.212607167940290998e+00 8.716374984469192899e-01 2.000000000000000000e+00
1.357251750811168112e-01 5.741162128329462266e-01 2.000000000000000000e+00
1.897858182945145744e-01 1.556028743915892409e+00 2.000000000000000000e+00
7.220651215694355862e-01 1.745101587110533536e+00 2.000000000000000000e+00
5.535004078811226469e-01 9.664871931246625802e-01 2.000000000000000000e+00
7.977013716167634660e-01 1.294236247229635595e+00 2.000000000000000000e+00
1.379220620879751280e+00 1.637942141920249561e+00 2.000000000000000000e+00
1.148218491897808224e+00 3.505923840564019178e-01 2.000000000000000000e+00
1.793303209421703848e-01 -2.531735541165835990e-01 2.000000000000000000e+00
8.506954884394739569e-01 1.475991038116333698e+00 2.000000000000000000e+00
1.829848295017992843e+00 1.226897781722188441e+00 2.000000000000000000e+00
6.593263133578977087e-01 2.904584303912932652e-01 2.000000000000000000e+00
-2.478086488560569123e-01 9.870304651767396464e-01 2.000000000000000000e+00
2.001035680698948216e-02 1.071806963702208071e+00 2.000000000000000000e+00
4.460252702868189312e-01 1.680604600963921058e+00 2.000000000000000000e+00
1.309970789338562813e+00 9.834717489228317344e-01 2.000000000000000000e+00
7.187335235887437612e-01 8.392064394673075522e-01 2.000000000000000000e+00
1.103694609540488702e+00 5.328159062602998430e-01 2.000000000000000000e+00
9.140728865513061407e-01 -1.410078940716161799e-01 2.000000000000000000e+00
7.900896705578529522e-01 6.401976713610574299e-01 2.000000000000000000e+00
1.657871872865204654e+00 1.657178267801206584e+00 2.000000000000000000e+00
3.446807692816791224e-01 3.681557642180743883e-01 2.000000000000000000e+00
3.900621532128811797e-01 9.480686455808559066e-01 2.000000000000000000e+00
8.587721931132468178e-01 3.228408180684724238e-01 2.000000000000000000e+00
1.412155488732495634e+00 1.730704047802182899e+00 2.000000000000000000e+00
1.509632041056562901e+00 1.680912196201051589e+00 2.000000000000000000e+00
9.438705454040163811e-02 4.003762249076754376e-01 2.000000000000000000e+00
1.250422881361072491e+00 6.051007387480592525e-01 2.000000000000000000e+00
6.320847515607573852e-01 1.326628986981629899e+00 2.000000000000000000e+00
8.657445082897623490e-01 1.427412707292414540e+00 2.000000000000000000e+00
1.224511781185567694e-01 1.175959513002020174e+00 2.000000000000000000e+00
8.220814275855893305e-01 9.670640176747626882e-01 2.000000000000000000e+00
6.008745161047535088e-01 1.035483381288123450e+00 2.000000000000000000e+00
6.518764717561364996e-01 1.115585997063301527e+00 2.000000000000000000e+00
1.645621308362252844e+00 9.751700466459629624e-01 2.000000000000000000e+00
1.515713268099335487e+00 1.975383048342610692e+00 2.000000000000000000e+00
1.236953248901711655e+00 6.549019788048222601e-01 2.000000000000000000e+00
4.545439224192254768e-01 5.439103039103513337e-01 2.000000000000000000e+00
4.444860876354040924e-01 8.738382360985041952e-01 2.000000000000000000e+00
1.129980666363947561e+00 1.067792903852385455e+00 2.000000000000000000e+00
1.215289903793066451e-01 3.112958109053487465e-01 2.000000000000000000e+00
9.560698829886983274e-01 4.356215710151626341e-01 2.000000000000000000e+00
6.555788328122179598e-01 5.960706237377917383e-01 2.000000000000000000e+00
1.163954176877517011e+00 8.812875965795305966e-01 2.000000000000000000e+00
4.583210742672318982e-01 8.544998126823115658e-01 2.000000000000000000e+00
9.164918214579904632e-01 4.161758700056843452e-01 2.000000000000000000e+00
1.957189490271658006e-01 4.928707512280237069e-01 2.000000000000000000e+00
1.029733148105343554e+00 8.018071563672818369e-01 2.000000000000000000e+00
8.939576397781335837e-01 5.116337290125596571e-01 2.000000000000000000e+00
2.185837719352022868e-01 1.235299074132116814e+00 2.000000000000000000e+00
